181 2
6 15
14 1
16 1
12 7
1 12
4 16
5 3
6 18
7 6
3 2
19 18
13 14
6 11
17 8
5 18
2 14
16 17
10 16
9 18
14 18
5 8
13 19
18 5
14 3
3 19
4 5
7 9
9 1
3 17
1 12
6 5
11 5
3 17
4 10
16 6
4 2
19 16
13 3
13 6
4 12
2 10
12 19
13 18
6 1
7 19
5 16
2 10
7 9
8 20
3 6
11 14
8 6
15 4
11 20
15 6
4 20
4 13
15 16
16 7
17 3
18 1
15 4
9 11
18 16
17 5
12 19
8 1
3 20
16 20
8 7
3 6
5 15
7 15
1 10
3 18
14 20
12 17
9 17
7 16
8 15
16 3
20 18
14 18
18 17
7 2
4 10
8 18
13 4
7 14
1 6
1 10
14 11
3 18
15 17
4 13
3 15
7 6
3 17
3 12
18 14
2 3
9 17
17 10
15 4
6 3
3 19
17 7
3 11
9 3
7 15
8 9
20 5
13 7
5 18
5 4
7 20
16 20
12 3
13 9
10 18
12 19
16 5
1 5
10 14
15 1
4 13
5 11
5 1
8 19
18 15
18 8
17 10
1 19
9 19
10 19
6 17
13 3
17 4
8 12
6 4
19 13
5 13
11 8
7 16
17 4
9 20
12 16
2 18
17 13
13 6
8 6
13 7
16 6
4 1
11 7
10 8
2 18
6 8
5 16
5 19
6 7
9 12
18 1
17 11
14 20
17 3
1 6
12 4
5 7
12 11
12 8
8 17
20 15
20 5
8 15
3 18
14 11
12 16
13 6
5 19
18 14
