172 5
1 9
16 20
17 2
17 5
14 18
12 4
1 6
6 16
13 5
8 3
10 2
2 13
1 19
2 14
12 13
9 17
3 1
18 3
13 1
4 15
10 3
12 10
13 2
18 14
14 19
4 7
19 13
19 2
14 8
3 10
13 10
5 11
5 3
19 4
16 19
18 20
18 13
14 13
9 6
15 17
12 6
5 11
9 1
11 20
14 7
19 1
20 6
11 8
16 2
1 12
17 14
18 3
1 3
16 17
2 12
19 20
17 3
19 12
13 20
19 17
3 1
16 7
7 5
6 5
12 15
10 6
15 1
13 4
18 14
5 2
9 13
15 2
1 9
3 7
16 3
12 4
14 1
16 6
10 5
18 14
20 13
6 15
13 3
8 6
15 4
10 11
19 9
3 15
16 18
8 10
18 3
8 3
7 11
2 14
12 14
15 1
15 2
1 18
20 14
4 12
6 19
18 12
20 18
20 19
7 14
11 17
5 6
12 7
14 2
8 3
10 18
3 12
15 18
3 18
9 12
11 19
11 19
8 14
16 13
18 9
9 7
1 17
16 11
7 1
3 12
16 2
19 20
15 11
6 15
11 9
7 9
19 8
9 14
14 6
6 12
15 5
8 4
15 10
15 7
3 16
7 8
8 4
19 11
14 5
5 7
5 3
10 15
18 8
8 6
9 3
18 13
18 17
4 2
14 20
12 2
14 13
4 5
18 5
19 4
3 20
13 7
18 11
17 18
1 12
18 11
1 18
6 20
16 20
18 11
1 6
5 17
15 6
