198 8
3 7
9 5
8 12
18 8
10 19
2 6
19 14
8 19
5 3
2 20
10 12
10 15
12 19
5 14
3 6
4 9
17 1
9 4
9 14
7 1
2 9
13 6
8 7
10 19
19 5
5 19
2 17
15 3
17 8
1 7
3 12
16 12
14 7
18 1
8 17
3 18
15 3
16 10
8 12
10 7
5 8
14 12
2 3
8 2
8 7
1 15
18 7
3 14
2 19
13 20
15 4
10 2
19 8
3 8
4 16
18 8
6 13
4 2
4 10
18 2
5 18
4 9
6 2
13 17
2 1
15 18
16 12
11 4
4 8
11 15
19 1
11 18
7 8
6 19
1 14
8 16
11 15
12 1
19 20
5 13
19 15
5 16
15 16
1 5
8 12
10 6
12 17
20 6
13 11
11 5
12 20
2 16
14 13
20 8
9 1
3 10
12 15
12 9
2 10
10 1
18 10
16 20
10 7
1 14
18 11
6 5
20 13
7 2
14 7
13 3
19 15
7 9
14 6
19 17
7 16
15 6
7 8
5 9
18 3
3 1
19 15
18 8
8 14
10 18
9 16
11 7
8 7
6 12
19 10
4 15
7 5
1 7
10 16
4 10
5 4
12 4
19 7
3 10
3 12
8 15
9 15
5 4
14 1
16 15
16 14
8 13
11 4
17 1
8 11
19 9
20 8
7 8
15 10
19 8
17 18
3 8
5 4
19 8
16 3
6 7
16 2
17 16
9 3
9 10
3 7
14 13
5 18
20 14
16 15
18 16
9 11
18 16
10 4
17 5
6 8
3 15
7 13
9 14
1 5
17 19
9 12
13 18
8 20
6 16
9 7
19 5
14 4
4 17
9 14
6 16
5 8
6 3
16 20
19 1
20 3
12 16
3 7
16 8
