188 11
6 13
13 5
19 14
11 5
14 18
2 12
10 1
4 18
7 16
9 12
8 7
1 11
20 1
19 8
9 5
8 1
9 19
17 13
20 8
17 14
10 2
10 6
13 14
6 12
1 19
16 1
12 3
13 10
12 20
4 19
11 8
14 4
4 20
5 16
4 13
14 1
8 2
16 4
1 3
17 4
17 13
19 9
3 13
17 16
9 4
6 15
6 13
4 18
17 6
16 3
2 14
17 9
18 7
10 16
4 15
1 5
20 17
13 9
1 6
4 16
16 9
17 20
1 14
17 1
6 11
16 19
7 3
1 12
19 13
16 17
19 3
4 13
10 8
18 15
11 7
7 10
11 17
3 4
17 8
6 18
3 6
6 4
13 3
10 3
14 7
18 2
6 13
3 14
4 10
12 10
14 13
20 11
2 1
18 3
3 7
17 20
9 10
18 8
6 2
9 4
16 15
7 17
18 15
3 20
7 5
13 12
17 18
19 13
16 8
20 11
11 13
18 16
13 8
6 5
7 10
6 8
16 6
6 14
16 2
13 7
2 16
13 18
15 17
6 20
8 3
16 7
20 1
8 11
5 3
12 11
13 15
8 4
18 7
16 19
14 8
19 20
16 15
2 19
11 13
18 10
6 4
2 3
4 12
8 3
1 19
14 3
8 5
8 11
14 6
12 4
18 9
9 2
15 1
3 9
19 14
19 3
2 3
11 15
19 13
9 5
4 18
16 14
4 7
13 17
4 7
7 14
2 17
18 17
14 19
9 2
13 4
11 4
12 7
18 8
13 17
17 20
12 1
3 15
17 2
16 6
20 5
13 16
4 8
2 6
8 17
16 10
12 3
7 12
