168 16
2 13
4 10
6 5
2 13
1 18
9 16
16 19
3 20
12 11
4 7
7 15
1 11
11 16
13 5
2 10
13 10
11 17
8 3
4 14
11 4
4 19
9 3
10 3
5 16
17 14
2 11
11 10
9 17
14 9
13 8
19 14
7 5
3 15
7 14
19 14
7 17
3 14
9 17
20 14
14 4
20 18
20 15
5 17
18 8
16 1
20 3
15 11
11 20
17 16
11 10
12 6
6 19
5 20
19 7
15 9
13 9
5 12
20 9
20 3
16 13
17 18
20 14
10 15
8 17
11 8
17 6
15 12
20 4
8 2
10 2
7 6
11 2
15 5
6 18
1 7
4 7
8 15
3 14
10 19
9 4
2 20
9 6
12 20
5 17
2 14
16 10
4 3
6 1
10 7
9 11
16 5
7 17
6 18
2 8
6 14
7 17
3 1
3 10
12 14
15 10
14 15
8 3
17 6
18 17
2 11
5 1
12 4
20 8
16 2
17 2
9 13
4 7
20 12
4 18
5 3
19 20
7 18
17 7
4 2
7 4
9 2
12 2
8 2
1 13
14 19
4 7
3 6
17 14
7 19
6 5
14 6
16 14
18 8
17 1
13 5
9 10
19 1
8 20
12 4
9 8
3 19
3 2
10 11
12 10
20 3
12 18
4 7
11 4
20 10
18 6
12 15
19 15
13 19
1 11
19 18
11 6
18 15
17 8
12 14
20 7
10 4
1 19
10 15
13 6
7 4
17 12
18 19
17 10
