165 16
9 10
7 6
12 17
2 13
2 20
5 18
6 13
12 3
5 10
9 1
20 16
4 12
10 7
15 7
6 8
2 17
19 18
12 3
5 2
6 19
5 12
1 13
10 11
7 12
1 12
9 10
5 3
10 3
15 12
18 3
12 20
5 17
4 9
5 10
3 2
10 7
15 19
20 3
2 4
10 16
8 15
18 1
18 7
1 4
12 6
20 6
12 18
3 11
4 19
1 6
6 16
8 20
5 13
3 4
3 15
5 3
18 14
7 15
17 11
5 1
14 2
1 2
18 9
3 2
12 2
17 19
1 3
5 14
3 2
16 5
10 17
11 12
16 8
16 11
20 17
18 8
17 4
12 13
7 14
9 10
10 16
16 10
5 20
8 3
4 10
18 3
3 11
5 2
9 8
19 8
10 1
11 17
11 15
9 2
20 15
17 11
5 10
11 9
3 6
8 14
13 6
2 13
9 10
20 15
2 15
5 17
18 7
6 3
7 19
17 7
5 16
19 1
15 13
20 12
13 9
1 17
12 13
19 8
4 12
5 4
2 17
3 15
14 11
15 3
15 7
14 10
14 16
2 13
18 3
1 18
12 9
15 16
2 3
6 18
12 11
10 11
8 12
3 15
17 1
13 1
3 12
11 13
16 10
14 4
19 11
5 3
17 16
20 4
18 1
3 6
7 16
1 13
17 20
13 1
11 3
17 6
4 17
13 14
5 16
15 16
18 13
13 14
20 10
14 2
6 12
