185 10
2 18
7 13
8 13
2 14
3 14
6 2
14 1
16 19
2 11
14 12
18 1
19 6
6 11
8 16
17 2
19 3
1 20
6 10
10 15
3 6
19 10
11 19
1 17
3 13
18 5
14 6
3 20
13 3
14 3
15 17
18 11
13 5
3 15
6 10
20 13
4 13
1 18
15 14
12 17
13 15
10 7
15 7
20 18
6 2
19 7
20 12
11 20
5 3
6 18
1 9
6 14
17 2
18 9
6 13
19 17
4 11
2 15
14 19
1 11
2 18
11 3
2 13
8 18
4 13
14 16
2 6
11 17
10 9
4 5
18 13
17 11
18 5
20 19
17 2
10 19
9 5
5 10
3 18
20 1
7 10
1 19
17 19
7 19
12 4
12 1
19 14
10 20
9 8
7 9
6 4
10 7
15 3
18 10
14 11
1 13
18 15
9 4
20 4
7 10
15 13
1 13
6 17
11 17
17 8
3 17
14 15
6 12
5 20
4 18
7 18
19 13
19 4
11 7
13 20
7 18
14 13
9 17
17 7
5 1
1 9
7 10
16 13
9 18
15 19
6 13
4 8
3 20
6 18
16 6
3 10
2 11
12 7
4 17
9 11
9 18
10 11
17 5
11 6
7 11
11 14
6 16
15 18
5 3
14 9
12 16
10 19
6 19
17 5
12 17
11 20
20 8
6 13
11 3
11 3
13 8
7 11
14 12
11 12
8 11
4 11
1 2
18 12
4 13
16 10
1 10
5 19
18 3
4 15
8 12
14 7
14 1
12 15
2 11
19 1
2 8
9 16
2 3
20 19
18 8
1 8
3 2
5 19
1 7
18 7
11 8
