178 14
2 19
17 5
2 8
13 9
18 6
1 9
9 14
6 18
15 18
11 17
12 11
20 3
10 2
8 9
6 10
3 19
15 12
9 17
3 15
5 12
10 9
5 18
4 18
3 19
3 2
5 13
9 13
14 3
13 15
5 9
13 7
19 3
3 16
5 14
12 19
20 9
5 4
8 19
14 6
16 9
10 18
4 19
12 4
5 10
19 1
19 4
7 8
11 18
4 7
2 6
11 9
12 6
1 12
17 18
4 3
4 7
4 2
3 8
10 8
18 14
11 6
19 14
14 3
8 1
18 20
3 20
19 12
19 13
3 6
16 14
9 11
13 17
20 17
10 9
2 10
5 4
3 6
17 8
20 12
17 19
3 1
20 16
6 12
8 14
8 12
3 19
13 10
7 19
4 14
3 2
18 2
5 16
8 20
15 11
5 9
13 14
5 7
19 8
17 12
6 3
12 11
20 2
6 7
18 1
11 14
6 11
10 12
12 16
6 19
16 4
12 13
4 16
6 19
12 9
15 20
5 12
7 15
5 7
17 5
8 13
18 4
9 17
13 9
16 7
12 20
5 11
8 13
18 20
17 16
6 18
10 11
7 14
11 19
17 5
5 12
15 1
8 4
16 11
20 14
16 5
3 16
12 13
9 8
4 12
9 20
12 3
14 2
9 8
20 14
3 11
16 7
17 2
20 3
2 19
16 10
19 20
20 19
9 4
12 16
15 2
12 4
14 20
8 6
3 20
6 5
17 19
19 6
18 15
1 15
17 10
18 1
3 10
5 8
17 5
18 6
6 7
4 1
10 8
