191 19
2 9
8 12
3 7
3 4
6 2
13 18
14 11
14 3
18 13
15 2
16 10
4 13
10 1
11 12
11 15
12 14
19 15
8 7
7 14
2 14
12 2
20 19
1 13
7 16
5 18
13 8
13 11
8 4
12 20
5 12
4 10
7 1
13 7
10 6
12 15
6 13
6 19
20 1
19 14
2 19
3 5
11 1
1 13
6 4
18 17
15 9
20 13
19 6
20 1
1 5
9 7
1 5
11 9
12 9
2 9
7 14
18 1
1 4
2 5
20 7
4 14
11 6
13 18
17 4
9 5
12 19
8 18
20 9
10 6
14 13
9 20
4 13
13 15
18 17
9 4
18 5
20 6
8 10
8 6
17 19
6 11
6 18
14 7
11 8
1 8
17 20
20 16
15 12
18 17
20 14
12 20
16 11
3 10
15 11
17 7
10 13
6 12
5 20
19 1
15 16
11 15
11 6
9 5
11 18
4 10
19 16
16 1
9 17
10 14
15 14
13 17
2 6
10 5
6 16
5 2
14 5
14 15
10 18
17 9
12 13
11 16
12 15
17 9
7 11
20 14
14 10
1 13
1 16
15 20
12 19
16 9
8 2
1 16
12 4
14 3
2 7
10 18
6 20
2 7
8 5
7 9
2 8
1 9
1 2
4 3
16 15
10 14
5 20
13 10
2 10
18 12
9 6
6 11
7 18
8 20
4 3
15 19
3 17
15 17
18 13
4 10
19 7
15 14
5 6
11 16
19 9
20 18
4 12
20 1
18 20
11 3
13 4
18 6
5 9
13 8
19 13
13 11
11 15
9 2
2 5
14 6
7 3
9 7
11 17
15 17
12 2
2 16
4 12
7 4
19 13
15 20
