175 13
5 4
3 6
9 15
1 17
6 2
2 3
5 4
16 1
4 1
3 4
5 17
5 12
10 15
15 11
13 2
12 8
5 17
14 4
12 8
14 7
10 2
9 10
15 10
12 16
4 19
7 18
16 3
14 8
4 9
12 16
15 10
9 13
8 17
17 20
17 10
9 1
14 18
11 10
11 8
17 16
8 15
8 18
17 14
1 6
19 1
17 4
5 6
19 17
5 7
14 5
6 15
14 17
9 14
11 17
7 17
13 1
5 13
20 6
1 4
16 4
1 19
5 18
1 17
19 5
14 19
7 3
8 19
18 19
17 8
14 18
15 2
18 19
7 17
17 4
13 12
4 14
12 10
7 13
11 2
4 13
17 15
4 8
8 20
15 8
2 15
6 9
9 1
10 2
11 2
4 2
11 5
11 15
2 8
9 12
4 18
4 14
20 17
3 13
1 8
9 5
3 11
17 7
9 4
19 10
8 10
13 9
16 15
10 14
2 4
7 15
14 20
11 9
1 13
20 11
13 6
18 20
20 11
6 15
17 5
3 15
5 7
1 20
16 18
18 11
14 1
4 3
12 14
5 8
8 3
19 12
9 4
4 17
20 3
13 19
4 3
12 14
2 12
5 10
9 10
16 6
9 16
5 17
11 2
18 15
20 13
9 12
13 17
16 8
19 9
4 8
5 10
19 6
15 11
5 17
17 20
20 14
4 6
17 9
8 2
4 7
10 15
6 12
12 10
6 14
9 15
12 13
13 7
13 8
6 9
2 8
1 20
14 1
5 4
12 8
7 11
