1398 1920
447 540
111 78
1369 1224
242 1275
1281 1105
616 492
711 293
1293 534
1149 480
526 96
368 460
796 90
4 557
1015 421
999 465
786 687
87 127
1045 261
1362 1045
216 424
1390 935
721 1263
90 666
111 103
1313 718
135 686
782 761
1307 302
1016 159
434 529
601 164
761 1023
1233 1060
870 1262
283 335
1060 165
590 1148
861 97
1342 217
530 772
1155 209
1070 659
494 543
180 517
912 63
411 1203
999 420
957 1171
30 506
400 772
1018 150
726 375
1056 1396
21 901
405 1370
787 1385
1141 1178
437 933
1062 498
855 292
24 1207
14 550
1184 753
468 579
349 978
926 1359
276 302
1351 195
203 88
1275 1014
755 1387
1045 1005
795 277
1053 861
468 28
777 17
1209 1276
488 867
864 1337
1169 705
391 482
649 565
740 845
1045 571
906 178
1144 764
1352 125
91 469
532 764
523 1231
195 1398
976 598
1181 973
948 251
470 522
1084 838
918 312
43 406
1245 425
52 1276
470 359
42 280
1314 97
650 319
595 1222
333 1337
995 611
418 840
1240 1104
987 262
349 1126
210 623
835 83
692 194
133 237
355 830
419 974
1123 1361
1192 291
1074 264
1133 396
283 578
988 217
590 429
923 143
839 187
562 1318
806 1319
140 885
1101 1265
584 1368
993 491
1093 879
154 1289
194 498
806 514
1057 1298
464 650
158 1313
209 1255
113 1231
80 70
1354 185
1005 427
295 424
917 127
362 292
1197 424
454 35
865 966
1059 453
1013 1217
278 1174
196 511
1166 1079
645 1385
165 807
1172 1332
857 1096
526 290
371 632
30 353
75 1133
375 134
563 460
1144 1281
1166 574
220 551
562 772
253 251
825 1050
273 1100
1303 961
919 1124
189 969
620 38
382 506
104 924
779 569
275 542
516 256
318 430
4 737
360 466
718 599
1060 1061
318 1097
1213 829
613 1100
1371 1046
1209 433
231 166
222 1078
188 12
773 427
894 571
1276 853
1391 614
335 1048
63 899
319 1275
284 862
382 849
531 301
180 340
429 1106
406 329
875 1053
967 1222
1074 1147
793 10
80 992
983 891
1181 103
1179 461
493 1234
328 268
788 503
710 1029
885 213
818 1048
355 202
1101 395
602 1036
728 1055
863 724
73 519
962 1128
1267 907
1033 1317
598 1035
771 332
770 1386
607 822
770 819
1368 272
743 911
1202 799
373 735
1170 759
530 299
1138 876
1265 789
815 1205
629 733
229 160
725 452
217 886
233 783
802 1277
503 1178
1012 616
890 1254
216 128
1349 796
367 699
23 981
310 998
969 57
584 1035
1244 34
405 1348
762 1145
147 785
234 1014
581 300
1069 1137
885 452
946 192
529 1264
64 843
135 1055
757 559
708 371
1189 259
1077 965
593 62
327 580
57 91
783 872
88 994
81 200
1180 82
563 459
156 80
1336 125
438 330
872 825
1281 341
1290 778
361 335
6 631
1318 57
413 989
1359 1272
1044 908
1263 1011
659 1323
889 227
1073 445
272 657
1302 1298
946 724
1129 333
498 543
1079 1381
1078 979
417 1252
1160 641
274 309
452 469
1043 89
612 964
1016 230
468 41
16 1049
133 312
959 870
1201 784
762 1069
1055 160
697 968
239 598
270 442
1203 1010
813 1249
688 925
348 974
346 9
78 53
935 605
167 127
814 141
397 1041
489 1247
1000 934
911 1151
983 490
1187 199
597 443
349 167
1001 134
1045 768
945 53
935 873
985 363
441 795
766 326
1068 1075
297 210
1037 1171
1156 768
228 163
1217 439
1054 1099
1303 915
859 1221
555 792
31 661
1256 384
260 451
297 393
805 426
453 852
834 374
212 1111
915 582
1254 496
715 1113
1007 818
751 1301
245 153
1175 823
1099 472
1389 1355
252 1111
492 11
786 617
958 221
340 335
816 278
140 1046
726 790
406 669
609 1393
1353 782
86 181
768 296
1119 762
770 358
39 317
683 161
287 352
1150 655
1303 1072
142 863
706 1304
1099 1066
1093 715
253 1219
1063 864
979 245
521 351
310 880
1221 791
456 1108
767 134
831 219
650 432
1146 220
1008 383
1298 1075
841 949
585 483
971 1067
1181 1218
489 1269
785 531
1283 412
1252 722
763 803
252 642
1146 600
628 238
639 81
252 769
637 449
679 250
66 1378
928 1223
516 429
1327 335
388 1365
577 742
1062 47
270 974
1223 227
1346 800
1317 824
1221 1327
262 1398
18 554
787 696
595 79
123 927
435 1310
1236 1097
129 439
72 1211
570 1195
1299 78
1188 363
77 176
1139 648
56 839
366 802
782 1085
149 668
269 1252
984 1170
303 453
1280 1108
1338 808
445 117
1030 401
247 51
1088 535
738 243
883 818
794 824
204 431
1360 558
639 911
1028 595
1039 103
89 590
718 743
892 507
84 1307
95 1241
722 301
794 981
683 486
1326 736
606 739
1256 307
388 652
1096 127
292 1298
1347 450
38 520
847 555
372 1072
926 290
193 1093
377 758
1216 947
708 115
492 424
948 1116
135 878
105 741
268 934
1218 409
516 658
277 1242
181 732
752 459
795 1244
1294 101
643 1372
694 126
596 1056
1117 496
634 904
688 761
1335 882
724 483
479 1383
904 473
307 990
56 803
1226 782
1225 19
983 335
410 883
882 108
672 621
345 868
1058 600
56 98
49 442
580 478
840 373
438 1385
804 1073
843 1341
1124 563
844 1256
921 1237
691 279
715 1267
891 1028
422 667
1172 728
1268 714
814 779
464 428
3 401
1041 484
322 1292
1023 111
831 933
1249 421
411 1238
1365 1051
515 108
50 117
1332 118
1081 253
148 538
186 840
780 556
1024 231
169 306
265 936
663 433
716 1336
1246 824
897 1305
340 404
308 216
226 1193
762 903
1015 837
515 1140
13 952
817 980
397 263
40 270
4 23
353 313
1334 220
1078 538
904 675
1181 178
15 657
131 1089
1191 1386
793 216
592 967
701 430
391 120
58 77
101 661
1213 68
676 1245
1049 187
35 1039
1314 390
501 424
1111 340
852 521
762 578
512 996
1244 1233
482 939
634 1315
1150 844
264 1085
204 1331
1293 101
4 130
1102 1112
490 863
775 752
368 824
326 104
45 1362
1289 261
394 1262
1202 933
461 930
1023 1307
1179 158
145 150
851 472
1147 1052
831 174
898 639
11 79
552 530
1009 71
597 951
170 666
302 780
458 1010
254 1068
209 432
1377 326
412 920
366 834
1149 720
1171 936
985 791
862 1075
1002 749
557 552
472 442
353 8
1225 1348
710 924
409 777
931 936
877 588
287 575
1163 615
967 883
1064 1341
919 898
1178 412
470 807
945 1
920 35
100 1017
588 34
312 625
5 1003
485 845
934 1367
948 446
372 956
1176 322
1297 468
341 993
798 388
390 168
304 842
360 1356
436 430
782 689
972 510
716 471
50 1287
562 278
191 371
651 770
288 969
1096 838
890 84
154 519
754 980
126 1310
1362 20
1348 1116
558 1245
779 601
756 177
656 674
326 723
1036 1134
1 1333
548 10
666 1108
914 854
1349 1165
253 591
1386 773
1215 869
64 7
1005 747
1255 968
557 1029
936 1075
766 61
275 201
1017 1324
477 1177
616 1095
910 309
848 1296
110 1141
1323 1142
250 392
626 368
439 477
639 344
252 788
1216 1107
868 535
138 1092
1168 1000
89 597
1299 980
638 166
1215 1223
1084 1388
233 744
899 478
911 359
372 926
467 1257
1298 1201
189 782
1274 977
457 588
948 1200
410 714
326 175
1039 1220
22 946
1123 538
839 1312
492 224
642 551
1393 325
755 378
1034 500
177 278
184 33
873 1398
792 758
928 382
914 571
1268 960
846 1295
931 380
192 39
1180 1376
1256 534
870 171
3 58
962 67
1048 850
574 774
395 934
206 1128
274 880
702 273
659 675
533 1330
1332 1130
501 1031
1128 660
918 645
693 93
905 366
403 966
43 420
626 474
832 528
988 94
399 849
787 585
1058 983
665 587
598 589
324 340
624 1116
866 61
470 488
65 608
274 1250
422 1187
1228 1231
1159 234
977 809
464 924
42 362
859 812
1221 1351
1038 661
959 538
1371 960
1298 199
190 805
520 790
1396 194
967 1044
268 120
709 621
820 266
275 610
241 338
52 669
236 639
842 836
606 547
158 663
593 464
1233 342
637 98
863 1372
1053 551
500 1166
1161 1037
522 229
100 48
544 1008
525 260
1250 869
1024 978
5 248
418 489
223 1094
1214 925
11 1316
449 445
198 622
849 265
741 294
1010 1086
300 1209
638 1352
1229 385
870 438
261 450
1197 1321
195 162
1247 636
774 120
1369 182
1185 64
1250 775
143 1087
1304 359
1228 1187
56 315
1078 1204
1373 1387
793 615
321 1334
414 266
1083 463
1276 1160
1351 753
329 783
923 1180
601 1379
262 245
1357 274
803 298
1038 1291
303 698
190 67
1069 1152
1038 1199
918 627
458 186
762 66
109 501
355 811
1010 1299
283 774
1053 210
1157 395
1123 270
831 1027
1178 656
1144 169
471 901
1209 712
953 1221
157 1113
13 68
1257 314
126 201
333 550
1371 644
825 445
1268 1314
429 387
1170 847
666 563
790 1124
148 101
376 1317
833 583
309 689
531 158
68 185
1370 1263
585 459
1042 852
1374 3
1278 416
208 202
1273 1036
69 891
865 1079
977 573
514 112
455 98
767 1162
417 896
935 540
173 870
1388 623
805 62
748 869
285 992
1038 600
1381 878
46 1049
1011 937
695 741
743 360
845 648
554 854
294 231
292 1305
888 1298
1336 627
1068 337
691 1383
1110 1041
1047 1319
278 390
505 108
77 913
1208 192
71 950
665 777
528 707
1352 135
1381 999
623 682
665 1271
357 1235
507 1090
204 1145
189 1234
1060 12
95 1386
211 770
1127 665
846 1133
261 1190
1066 702
1026 214
955 673
1321 1097
1210 1117
671 764
747 74
1159 807
625 1158
283 722
1196 1034
1374 932
989 1078
320 1123
1244 720
933 36
1278 560
806 781
1019 65
110 631
331 1178
1041 783
957 1316
840 830
1163 375
708 561
1093 765
753 681
566 1188
491 1326
457 572
176 723
204 1096
1077 1278
343 743
706 676
915 1042
1256 6
871 1102
1381 1171
1350 469
458 832
1361 1354
1163 443
265 920
731 10
129 554
670 571
876 841
941 536
840 984
966 62
412 303
801 243
643 1269
478 1020
525 911
1320 244
268 495
347 1300
916 469
998 732
439 1233
146 1119
1118 723
1034 1053
347 920
329 1355
190 304
627 546
746 1044
107 1167
1141 333
497 813
429 1146
1364 325
591 1288
599 580
516 685
1149 466
803 331
1029 555
975 525
529 1370
1339 254
942 362
1282 439
776 1293
1010 527
842 797
576 699
934 653
730 1066
242 1377
482 441
835 508
1253 882
1098 1333
77 1029
983 753
548 1296
558 541
846 609
209 653
1073 211
790 1243
1172 233
907 292
1329 235
173 489
785 1092
893 675
933 1004
108 323
496 370
1285 879
1096 743
56 354
85 286
190 181
165 634
342 722
1278 24
282 1164
903 1074
519 1234
1286 1015
1237 352
733 33
828 536
443 507
670 884
129 565
675 161
1155 1255
1172 1192
655 476
268 39
1187 249
304 1253
966 473
1232 1009
1088 271
81 120
550 417
785 661
450 537
1222 1071
208 468
1104 516
778 986
37 1103
734 1018
738 1002
1053 459
1015 519
543 1217
1049 156
538 1181
1057 732
146 492
669 530
4 296
26 1209
473 766
638 1274
262 83
919 1269
157 229
715 628
629 609
554 1368
1052 452
715 609
183 1034
53 1385
622 836
210 973
234 426
716 904
718 568
768 628
481 637
499 719
1391 394
272 1133
76 482
340 1042
272 970
592 586
881 28
189 132
813 536
350 552
259 1249
1341 1136
302 923
1194 1261
952 210
1127 761
1035 1243
1380 526
190 873
1167 119
1121 482
831 720
1242 109
356 420
711 111
216 299
290 944
1099 272
683 1002
257 863
258 799
1325 1018
524 51
336 139
1358 439
1021 1307
647 936
1235 34
754 583
374 964
809 1068
924 207
101 82
1394 538
732 1366
539 839
104 976
72 333
934 1342
123 338
440 311
272 828
1266 337
386 918
875 910
1324 486
1251 976
238 1183
860 124
1329 630
1186 936
46 305
145 760
1295 50
704 475
1072 988
937 1280
136 1172
894 428
101 856
77 150
610 722
658 124
214 329
93 854
1355 1007
271 1163
163 1096
666 1083
1067 48
501 748
155 46
564 397
350 1328
1008 295
277 1063
1359 407
963 949
138 1235
971 774
616 381
1289 511
991 80
415 867
246 881
289 818
817 1397
1062 164
286 343
628 369
634 1243
6 836
142 1155
404 1015
224 116
788 908
744 1270
484 408
106 921
749 744
623 95
348 1041
591 895
402 1014
915 352
1032 239
372 65
1180 1062
656 1381
1010 1248
631 1065
715 423
1312 1093
736 874
1336 1355
688 310
699 1370
285 859
278 619
201 217
1078 1391
1045 771
1028 713
708 511
1192 383
537 1345
1037 567
1344 182
573 746
680 809
607 1055
242 170
417 1217
620 138
577 528
150 461
252 234
556 784
25 162
554 1177
684 792
1062 175
486 419
1138 511
1068 132
98 992
1092 1218
1083 588
815 750
512 1025
1009 353
130 347
1342 1136
218 1070
379 835
52 1273
710 22
832 554
607 1173
82 145
455 990
1037 943
1212 805
764 1173
839 1010
1192 721
989 1102
649 919
96 292
215 1279
1024 619
282 362
833 220
1149 1239
564 33
770 543
625 1393
1363 370
1191 533
1057 316
204 756
346 701
1038 1326
426 792
1131 298
789 562
338 340
1367 1375
1377 995
647 254
1194 456
694 270
371 894
1059 54
1055 1188
1241 277
107 492
1150 641
281 876
114 1192
1280 248
423 695
63 709
1047 750
711 1143
946 410
1258 531
319 719
818 893
17 923
2 273
1145 90
1181 71
3 1276
1244 650
1051 1231
496 863
778 730
1137 388
1223 839
554 721
1350 647
292 356
758 233
1313 1055
1076 592
817 1266
849 640
127 1254
560 1129
346 597
1211 566
936 549
830 1264
998 1179
1110 450
1276 889
1071 781
784 481
1186 154
764 684
559 114
874 542
1368 821
873 260
596 479
186 1204
1093 635
485 1023
945 681
151 1032
424 158
823 158
239 501
107 954
616 1091
731 536
502 1076
407 1257
958 787
553 691
1022 1008
659 660
642 70
426 74
1283 919
1091 115
858 147
1392 127
208 320
636 619
535 654
44 495
1195 332
237 974
92 1052
326 336
1328 492
304 1092
172 389
1211 533
224 1269
305 1293
109 1198
550 82
755 1018
660 535
435 890
1180 22
822 246
545 1187
6 444
557 615
409 191
448 340
366 1227
436 959
541 1299
1166 792
818 1334
513 203
229 281
681 260
531 1214
909 824
631 1016
729 880
981 5
230 876
902 1340
435 165
1019 1120
475 133
1250 1107
1351 1315
1239 868
1198 1194
1292 199
620 718
776 867
751 385
827 101
755 1259
47 130
1122 1376
423 1203
846 374
158 938
1082 495
1355 468
586 1293
588 225
795 1025
363 769
275 839
891 478
46 1014
34 1017
627 552
1308 1268
1394 1127
1062 715
559 1330
1032 594
1206 4
611 280
542 474
298 1288
93 817
820 1384
315 625
224 333
511 266
1048 152
606 972
301 5
538 982
72 1082
1145 542
1201 101
896 1139
76 471
498 200
574 906
1193 353
99 1273
184 291
864 487
1002 102
918 535
930 1136
1140 705
1033 413
1007 1057
643 845
803 909
436 1112
934 1185
887 18
1292 1271
534 361
398 1273
906 451
719 546
35 106
519 501
155 456
729 625
67 1287
720 765
337 64
247 1104
1355 1309
163 805
141 1367
361 972
1115 366
782 634
471 153
1135 188
617 22
848 435
290 380
1016 488
577 576
599 1284
1279 1165
867 456
745 523
565 25
534 1071
1311 833
1264 915
728 475
501 775
34 801
814 830
292 419
449 697
507 979
254 903
1368 279
1271 452
1287 37
1081 977
344 59
122 578
570 646
1136 1040
1044 147
724 1306
1249 560
886 24
907 213
1074 222
970 1205
369 705
144 828
1318 663
1002 104
731 542
733 256
156 849
734 876
780 42
432 493
287 943
1029 640
1207 797
900 1099
915 968
590 595
889 927
537 423
173 368
980 800
929 1013
597 839
1123 357
850 7
519 876
1296 1117
677 925
249 202
1374 267
612 608
84 1091
494 689
40 1159
705 1291
872 1273
325 571
1126 568
59 260
804 1231
107 352
833 1145
1384 591
340 672
277 1190
1230 1284
1176 1110
294 757
997 388
1018 1159
508 937
142 1366
521 570
1298 39
20 1153
283 1395
545 945
79 47
638 99
651 310
979 486
405 1202
207 247
739 1182
672 1130
247 1179
69 257
500 248
702 800
703 757
197 394
1080 484
1223 477
509 1070
1019 280
422 70
108 15
316 937
179 382
1322 1067
393 822
1118 539
1077 603
735 345
613 1131
517 440
1246 333
148 1183
356 1109
815 951
1332 176
1127 1117
818 860
236 1252
609 78
293 88
1265 863
982 5
786 663
1308 1267
403 815
1204 901
1054 1080
1240 661
471 723
1302 330
662 431
1329 838
810 872
856 568
924 188
78 888
561 1279
1287 1089
240 846
806 1095
505 781
1066 781
27 832
936 922
25 297
697 125
1154 150
332 667
673 778
751 973
1377 649
36 1351
386 270
468 4
50 1351
738 876
562 1211
437 823
113 920
1238 575
1200 584
258 121
1314 250
1207 205
1045 1132
63 137
534 10
1316 1209
838 1100
891 785
13 1095
325 128
165 3
1103 1382
787 11
1139 453
370 354
223 805
494 681
132 1288
1004 818
85 457
1046 495
1125 107
541 769
489 412
471 933
902 246
1282 603
344 1018
739 1380
961 728
507 843
1176 686
980 1042
607 763
1343 1077
705 11
1151 618
1233 668
301 871
717 1367
717 291
661 1391
482 480
33 350
603 172
996 294
695 286
1 742
1013 755
234 1219
692 547
326 782
668 977
3 173
365 778
1263 416
467 713
1036 1279
1194 951
366 731
340 192
727 62
1245 524
122 185
1097 697
712 1201
872 518
133 814
318 133
311 555
1338 940
808 28
116 1264
1292 258
244 174
1114 769
881 866
448 708
1006 65
157 1312
1115 1313
267 119
231 339
29 317
416 60
1394 832
1041 631
1326 27
298 1049
91 1009
1371 1239
690 850
83 121
233 1297
927 1222
755 660
1158 622
1260 731
1128 604
743 176
526 1137
548 451
402 328
1329 1022
650 1047
276 1205
1106 1172
675 712
750 1182
228 734
945 364
431 409
592 1116
734 770
1087 389
40 1001
885 736
717 255
601 268
735 228
1067 187
1023 735
906 582
194 894
592 128
232 138
825 227
1180 462
678 408
504 401
833 362
608 183
585 1061
1241 698
816 653
61 1307
1122 492
722 1025
633 190
420 826
823 108
1128 55
166 542
664 344
343 723
1259 965
1383 623
429 32
1317 388
566 817
976 334
1327 312
999 1198
18 468
156 280
1105 461
1170 944
778 985
322 513
349 243
337 920
182 474
65 528
779 268
633 901
624 542
700 79
1312 194
673 1326
482 269
1305 318
650 1067
1378 1070
742 602
10 1165
318
1301 1168 883 645 560 428 1156 581 1020 614 211 788 887 1351 1267 1031 1165 702 2 8 922 444 819 978 1375 66 654 643 1023 94 791 1189 399 1294 896 197 352 1271 961 916 151 567 700 855 1242 612 904 784 1311 854 237 742 418 1161 81 1088 917 1229 618 1277 183 900 1392 378 55 19 548 1155 1148 502 446 1212 481 662 1226 1260 765 170 293 776 110 1201 629 263 1390 626 995 730 75 569 696 1118 605 1340 1101 251 630 1106 465 890 851 1199 305 1057 175 718 617 1121 707 576 1146 380 1084 704 458 905 312 1394 477 34 1222 1206 644 459 594 633 40 926 713 14 1356 798 575 49 491 335 206 331 827 130 234 826 549 193 1029 1261 1373 213 1157 1191 369 165 686 1188 586 1186 235 129 30 1269 1289 685 447 1396 199 1187 26 773 810 304 50 1173 284 579 908 1143 1080 44 373 651 240 678 358 574 962 313 1160 69 207 1353 1286 1135 1192 1140 1090 318 144 1366 557 1064 205 21 897 87 51 930 238 996 915 179 1114 60 285 460 1361 1169 328 164 16 998 348 1082 345 738 748 990 959 191 1218 573 727 892 518 635 821 330 488 1278 1204 1325 504 1119 834 159 386 291 842 391 275 653 1065 52 200 1200 664 1185 1147 894 350 955 116 963 389 441 279 198 797 230 1217 1202 689 604 1131 822 421 543 236 1022 940 1227 435 866 1085 627 187 412 636 595 981 1385 1109 899 606 942 376 124 342 499 1164 281 404 510 583 889 957 725 357 1331 29 1232 600 212 434 1302 296 506 226 186