3000
10253218
9917769
44210606
90430090
73195783
99302217
3860387
89078672
6289586
205774
47928043
19963805
60164832
43892534
64091162
44505017
4634055
70997388
29948901
28174465
62052936
4817135
7942626
7959111
68830440
72704193
42696454
2067091
85699963
9005873
19000406
38440511
20600659
66919699
9894000
10940855
92000042
28284509
28083614
9551148
50909324
50079996
30564821
71967170
89269309
32725428
99054537
67674022
20516087
31022103
14046297
94851049
37555018
42899331
91050081
81957038
93958235
704078
45139178
58003465
989080
8004458
15079357
71595083
4780921
15206267
81588951
947453
56670556
85011424
93020890
89500896
8006080
74570321
63411217
46049602
5758429
81070988
10711353
89647315
33625081
39170608
18548216
40456393
38461221
10869805
50343818
99353977
75510634
378184
39970253
9349505
90051666
99109404
60424074
60000162
70106044
46652359
60000431
30309558
8640077
2099894
32016143
91308619
34593056
1646361
29107011
72140024
39394304
76302756
48071586
35272273
95022213
90970088
42089466
9207477
19286430
28156470
30029
75550713
74552014
18169071
8270053
9080055
34672300
49881757
16743601
88328685
31352761
62909666
14445639
79874923
67649410
25765785
30039671
9300486
79556354
60303437
61935023
16220140
777799
66136882
8406960
872
39562067
63060006
80059074
3054
23756096
60782136
27321293
56011067
10030589
32010178
85581557
12700419
46658400
20856602
52620523
50002474
69787546
56446542
52373524
32055469
18472655
26204088
86804671
45213713
78068853
88050793
51344063
21992551
89187880
9134210
23779
80900174
70097365
30040572
18443563
54215356
49878499
11537652
500617
2991
82123387
29610267
90409073
50194037
16527664
54170301
74418644
75694033
60990634
44014028
65089991
5005043
44078463
3549268
54301527
90090835
24204987
465844
97361296
15101290
39285058
97007457
25105211
4780022
80012025
65960287
40328207
61368932
20270488
93061819
577814
96005780
61319052
44595998
77069247
23635206
90077455
9292083
40086334
58061869
6877047
20777595
59866347
89671803
8517413
80070669
53076084
92100443
52284432
105080
84847423
64718209
35653433
56629065
1292094
59750311
12731650
93750067
70620044
50309810
20290545
48459016
2835696
45076503
12011465
76800928
65678079
16974054
655
78968447
41935047
24830067
39127550
73144324
50606782
7000028
60048904
83199943
20289
66652003
60737150
595389
75689772
93984125
40443053
17717727
70752566
24037539
82046301
57493059
58849931
80352654
33970841
57969694
49004311
74890854
34349541
50087028
20935065
38008812
227578
5000405
60066507
84047233
82392259
23820173
2200118
87514894
836968
4507428
64993508
75434207
39830001
642056
37091944
79527003
87006141
48310733
61903485
8068590
2035101
37707267
26527144
82066904
23375811
82636896
80518598
26806418
70739015
86108471
5886155
40764042
67773893
75211428
46260017
40178055
61437178
40694041
4323317
1640987
69115783
5289107
16660059
90458888
40893813
38062247
40400092
40806539
29600501
93138561
13470367
19910966
66069094
51530271
18319398
97908768
40701272
28617217
96658350
25412587
11087016
20480892
9788840
4921425
43840486
80895097
23003049
15576018
22624609
85758118
36616542
43099963
27000041
93249126
40572333
57875629
85800011
20961299
56206635
71880873
23637478
24315324
40212928
90613745
64261671
11893040
50000128
90308269
14363614
43080795
13592642
17124491
68808424
85868270
12609706
15840694
459058
76100790
42612311
66825927
1309134
17824268
55038356
8275338
8858128
900139
15823731
75113577
30129330
79211052
77101062
16709632
95576639
92786402
8643560
93162910
64101831
56158742
3448006
78093024
35634562
21155354
83727877
5964455
95877079
30639437
872841
36005945
44408429
85544400
46805692
53080776
43294040
70007704
9601856
20366140
52170118
19291250
93528889
43251907
27440723
16184168
77730187
40006287
70013020
90604040
28955192
23490730
4850876
43079578
6998046
82839243
2430716
67921473
39258620
61410006
22360651
65657654
94502094
725055
45251784
97173937
98138012
56207008
91384544
32667993
9030889
78093712
94521673
65052036
8083096
43851006
4195389
15797247
28903050
63207987
9479111
51401113
88436424
68724658
623269
40653346
38390199
43412305
87673922
5032507
87010563
690072
1210058
3803092
56217909
98450573
76342572
78506127
45292949
39600921
28944944
89400009
60071638
90402048
11942027
89926522
40924318
48117719
6107465
4512921
48460090
60055
60239145
94926806
78034248
62119785
40185487
37389306
73
29730065
11788041
24504481
36855764
59858621
71314819
70040544
37575595
81903951
96085525
90020246
39037051
89888070
40238873
70607134
13332986
588997
7604227
10489065
36089034
568034
2309091
45155729
68065776
27468216
72060642
57124933
3004029
68190788
52013025
10332170
707386
4895685
74370091
54037578
53230798
60122985
26004072
6984105
810112
92120705
67071194
73402834
74955015
88730109
66910623
20160928
56952029
880557
92252461
2725323
841867
35203840
41869483
77270655
8230043
96840794
78478869
63183747
2000003
23680944
42368507
62880028
76192967
20010314
67021332
6700091
73094414
7978764
58240828
9459382
6920037
30110311
50219627
190079
41220394
10331330
7050568
3463701
590048
601131
95989161
561342
21949068
48076011
60100103
8642803
264481
23077405
798155
62889009
4957668
4364189
84816889
62561528
46400684
15524619
60527072
87633030
4642042
19828090
9728987
48833202
9264486
85495107
758172
4112666
70628916
33489514
18645745
6708854
5510089
13641053
20793688
37096710
38633023
35742919
68110284
65634141
37036154
7460429
19727635
41786856
19570713
82928521
45600808
7499559
38339819
13000038
2106724
54054908
71375023
52167028
1153059
70382079
80488384
81203346
26100918
6633
124004
75474055
9001021
54320508
40024160
39420870
8354619
63203038
64099196
54966403
8142053
5908090
80658004
27197399
58214610
88644181
75541656
35979878
20029292
30308815
113002
55898363
13984329
42023023
82550371
10308012
12965490
39992927
12144417
98911091
34414974
81738397
75236281
66779880
80000742
40670444
1623742
41103061
32057031
97758431
6897123
49743650
58085282
27671522
809091
32869134
45485884
90437720
9038833
2071340
34037517
91524622
9837026
60001010
56959120
5253058
10093088
7455804
9017064
55076262
87965677
25200339
9606708
5050506
9784540
60500747
1912706
30680513
23388859
97095925
50404080
70927472
55989166
38476815
94698287
89832083
1496487
82110032
4420706
91875061
14341393
51164398
13240873
96285378
93340670
70073500
80233568
49520450
94656282
84859664
71805569
33966576
59492037
86687031
35654351
4210095
36807055
7117561
60358132
70911166
13190015
8151244
62329837
50734451
75239915
240249
98096097
81070886
19181571
26524373
96019697
5400253
13220095
70702
5740718
12352083
64858011
20950807
32200038
98360321
9586564
62231084
67001922
7754821
19064874
83320581
13783336
60112048
5871859
31023722
91761362
70706087
66016079
31698643
80965307
41420058
96302584
2032000
73441958
64389162
10913313
21991510
90264233
34351758
18701496
90533916
60563061
60084030
74127078
15502581
71853519
93880596
25573616
41558997
27875613
88019108
70048806
10691677
3034062
5795307
13899707
180780
49900951
85054382
6642853
49103955
94845936
10309090
3494846
3079709
7822356
35071189
9577295
78485749
32114889
21860019
27209813
64039587
35866000
8061080
62801542
32531023
54500270
55025251
6774344
27070642
44347244
2254447
37608854
35268786
60079617
66305881
59021954
96915878
27936840
44943189
76292511
30862710
60780973
74518100
13070319
2506930
54791080
5048866
90590949
5560995
55741653
698048
93821833
96407053
10066891
7540333
31004725
10438067
5396579
75797092
31363013
88061344
633077
60757757
91543096
934057
470650
65234283
61901462
300378
9
20060531
10050082
12040040
50392028
92704306
56209840
86711860
63197876
94746997
44981319
9710518
98201805
88118895
23100060
21004706
60970812
16870682
31043927
35209622
41378092
27703761
60746470
31080478
79070399
52091646
94967357
56300791
21753978
17095747
95243625
52999183
85140139
4018269
39355847
32526619
18476105
10903781
4399805
1056838
34075990
71084307
830715
83089940
6321
96574879
33518906
80023108
4440072
30112277
29114694
62269671
65367099
51956483
89010464
98339095
78254083
58333200
5004014
70826593
5092343
45096642
454624
41320173
19
14800128
30002989
50561190
22294342
19503883
43181304
77359780
90276536
7579140
8443721
90072464
1835679
66092470
91402002
9000559
87369701
59805037
95800684
10540119
557061
90730623
84529639
73368817
64280591
6094070
7689037
60014194
74130822
43920731
80090789
61533017
47341952
97201988
30000601
29734505
40080057
58086526
39534850
26929715
34273115
44800355
92732932
9100315
90061051
415500
70800071
9334
10422304
9801078
25014423
3330594
51260737
43077029
8552042
4800020
42052177
25402051
99400506
900879
6401809
54196605
35994651
6100098
27568953
3406402
86144051
47073478
68090012
10480058
1500894
55560025
65307745
74330266
57548654
26870069
62942009
68219456
67509425
82833082
7054146
52359851
70470077
8088862
6437233
56133825
32556279
63150080
85572174
25047527
1877079
81580071
2952487
2527895
40100266
64965194
305048
42884347
5020534
43146110
30856848
12058258
25431405
91675092
58368487
49749060
90372123
30504025
81214606
30100508
106979
800073
11451009
5536263
10862869
50875404
64735865
40372758
47952020
82898457
29168298
49651086
72690237
26454088
73669012
9009805
32498994
90651129
98007655
3755690
32408236
29977680
7095844
65001069
71699634
710874
6496397
86592603
68910957
54800440
60411964
35183673
51058660
9154991
1306373
28980171
61709078
5670544
73820641
54140960
51009871
14470338
12871056
76002090
49091035
37223952
30000183
64663094
43972318
20007082
70000132
55691506
60280387
61090292
1401072
35581667
400384
1836039
37209206
20000768
81089135
90000098
68820436
32183200
29098808
60270044
677742
10807714
38010791
28405300
30850247
20030252
9307908
7005476
508082
62046
137
7444820
40696
42807663
31470572
26000880
13816959
52613906
36808048
63009514
5660493
87131858
304084
70926309
77626981
92743242
45936046
80005017
77928452
35023095
8390542
35021743
19392033
66017421
73116091
21361994
64080019
31103076
15609532
37607411
71279876
54716030
52002331
22598454
63164026
9749661
10736068
20016972
41000027
87242588
6730977
20543784
78827123
96859328
13288122
94731720
3475654
88054080
98407045
32278158
39463581
6141769
91593355
53605658
27492614
900085
32566154
54042623
18406116
80304086
3401703
1130059
21000430
94000731
98601072
34201582
55547334
19071
92806553
54550782
80969539
72141879
19241737
23098293
60920749
18195090
6750763
65545238
3102644
279500
20056343
40490580
64080727
23018301
7883301
34699861
20255271
32500967
36019
61192102
28012940
90431043
30459766
802059
46051371
20601668
30370084
4019530
74144480
30411
49754680
3093093
5702207
24335042
9858495
86707019
6246468
83803047
53856070
90460913
42620711
69915217
63539823
17808595
37706564
10861630
35819376
86045602
36050871
53376547
65005995
23085919
60764549
43284241
40181153
50601
66187888
604227
34605144
8254683
77465689
5081
27510708
400046
87229139
32502063
73550372
71553171
70273697
27368946
91290512
31549110
37984766
5529574
59580986
31062551
6867942
66909321
93096619
49579448
30017218
10179481
86011053
45452010
58298103
67349152
61021005
24352539
90731735
6900746
21849127
984068
5072741
27175015
59293366
22352021
18556123
55472210
9069235
16839113
2090025
82048119
10749904
20000184
52555611
31006357
55194211
83253162
5202078
807680
1959428
20009036
9040269
9341
83271449
18053371
56595727
790943
8321709
60159770
79740310
11902413
77652139
29136392
42587716
447691
72030404
91579030
24657567
37207046
66015602
51084684
23687644
5518191
62807045
56517714
3643029
85035008
70417357
40701581
5919714
37631161
16454258
52905871
4082965
73953063
48681284
20707073
75267476
47601994
35308803
50046651
16614993
69704181
20702728
38908421
47180070
38062697
40737209
63926599
10370957
61592725
60502284
79623327
48129011
65952182
40030074
60150215
20661665
9008783
10090390
13644401
47301476
72651128
16660906
7675
72740783
22204421
94005802
30238117
560192
93881718
61545368
80784067
52053478
40052681
63430777
53581380
4043096
76104050
56009006
35741216
43389286
51780663
29388598
36110227
87679046
8382672
10582389
20561230
87445497
80671924
35565852
47806107
9519010
56034
43093709
37966372
64666624
94284000
90342046
4070937
5362440
22727303
33050554
3740019
8925954
84120067
46112867
6338407
6981118
31000647
35513144
55674266
61083542
90230561
39981
8194397
886837
64072181
56401573
80834943
7994447
86610705
10689474
947357
90301071
92018253
90300821
98073417
207979
6036953
31608477
43229094
64892050
17514467
60300619
97523052
52309312
88140152
14048182
31026189
90483022
30835045
30030097
60309427
80715052
75000549
20000885
93857140
70070029
20158122
30485610
20608864
56196045
50002697
44012479
43285164
48260710
17262640
65332473
92137866
99126387
90758667
7484859
85884037
2611393
5234006
18449746
16972462
21138066
86186967
26762548
90579078
85157605
85636510
7629770
9093032
67054084
93136929
53992653
81625796
13858882
40061107
8736181
49034521
78396158
842298
13080982
57083839
74462391
61134374
58004029
100015
66283808
8406409
56866929
81000034
18120447
27403789
19500300
90448449
18932040
83348737
48596587
1000056
9990311
6405047
73474009
69370580
91140659
27036598
74105481
63513025
24526754
10713011
52008084
15195510
40164091
90048550
56140815
21234774
35080445
14904114
46921699
45474716
51520992
807412
58935173
4022956
38286213
627624
29600163
27513400
6597340
64505030
80163385
45256089
5095614
8050743
2003858
73512070
7040895
93870295
86070573
71757518
98433119
52313012
15807227
13817946
854955
52106668
99283940
42608435
70512201
3201252
60917247
66986107
35671
57316589
4096040
420687
4021707
3124097
59338824
54454794
36308140
8232246
38180671
23149393
107729
63409112
86608784
86240288
672090
82070106
73708052
52915311
38452482
78587893
58081042
70030912
54463775
86359160
65069365
32215834
58787817
44007351
905474
67020038
7500040
88990484
84540726
58832074
19287940
502025
24108022
34407038
55702127
60865035
26107385
17512047
14066814
2173
70687014
6007345
25528431
66017057
40239294
70106440
84706720
2314096
10709711
30073054
14281824
63108033
35334017
40332415
97807521
25924206
95763206
46312849
58502186
5093033
50147168
81010031
21050317
45522620
15565096
95177783
928898
1467733
38508803
9953189
56187826
8578378
8098131
37567392
77044669
90340799
67236016
70780633
41860219
90930805
74445240
46484994
77557614
47659990
31032994
95870454
84671363
97920222
540049
60560074
17091767
10872745
69036824
52254475
17330449
90502260
15903034
77793841
97454874
21068990
91119714
20771047
17890803
22403805
89604707
25572701
46290376
64121176
6083033
84794665
88070595
40486777
56000168
91063397
37683220
50725593
58559797
70290984
9750057
74105746
20384031
30000084
35800871
4070080
37292573
9669653
32835789
32247819
89310021
40641182
56184224
29038072
8997028
69047429
82300108
6400001
10532025
55883569
22580319
3253314
89928098
447740
79354258
5417106
5046483
56227398
42584411
60118472
1308061
70406359
62051573
3373720
8008042
6000290
36711295
47740461
13432269
20730657
34226878
2619241
20
13397709
49640633
51400021
38012
37008310
35381719
53565062
30020061
44472133
86716038
49424752
21364777
63020743
17127517
36102911
55266671
77173860
95375785
53588552
50137701
201748
32840961
67835011
4414114
3430400
209055
45660001
26033468
87172824
60649677
7884668
38120097
5955075
8110521
50800078
92805210
19207789
19566118
12400099
25023927
48508661
79712
52993399
77460098
3010593
90407751
20990540
73556013
98809388
33558751
83860560
27009589
91193
81254055
34564020
24695988
75486377
45010357
7516635
30000454
64211943
75380078
9270051
84401464
10090091
50022001
98278628
80475
52002208
20307034
1293739
58913991
87003866
1000001
70016545
49608182
34062389
50601016
48750466
3006530
24868621
56091658
40774026
96801559
46096490
39938715
92695081
45003039
71877324
39355773
20008022
42000432
83586087
40598715
61062617
64006005
2536189
40090980
99346909
63700284
94000735
1720077
30905297
12730223
44655599
38962575
48789722
58620962
49427143
97710131
4900960
10323
721011
34982098
61783627
50000011
96918421
9600086
85614818
40808996
95818498
10504829
370022
4414590
39668671
94259472
40010045
37038502
65970031
70886602
50103559
92707887
28086107
85222031
80029806
77675068
38610909
90369171
37854561
1060826
924422
40324391
69365874
48317762
62725261
19338197
78973800
30539083
2088095
1120852
73605905
30770488
43278218
64785551
64380789
9060905
99406695
77306358
82706165
31603957
74685264
45557455
29403229
40070098
61007065
27058651
539052
56884835
50582098
86070802
34925567
44100004
40055076
3347405
14800784
21898081
7626299
9850265
47033027
62101442
79101173
46080776
80140548
50730350
41044971
62598596
59020024
70902344
7010523
42289071
95110783
36126299
86404526
72807927
68061381
43853
6014065
9836738
2070651
70790269
37129919
66304106
804489
13723103
49825473
31381705
58642736
50072326
82603132
92537281
1602095
1400102
7087529
69067656
2300989
20013476
70639407
94484059
44050493
30004055
69532985
37700661
9306006
27283053
8350808
2590423
71004468
5005006
20042183
31041489
2815668
93107113
67660165
36792929
57760587
400049
2000811
909082
58147156
79270136
75944184
77092150
70053801
96263480
55053170
31312829
7485016
14000723
951123
13345328
90368
86790951
80657436
12000961
33030291
83003204
9355865
3700497
10420368
99765245
61403814
78401920
94926418
74222
914
4005061
36544047
28560368
65805793
68774981
82622145
29463140
25347501
9293198
62100003
51035936
5107790
26106675
71320802
10620422
15712677
57390046
75500184
23205167
91470966
68045205
25003075
94660014
32363174
12491437
71561035
64802759
25701871
46822823
11004066
75200461
29750848
7635073
28924991
64618126
70002072
75074177
22000828
4258008
4818212
1975640
84308560
243250
20805942
32080969
19027628
394015
98614621
88316153
65104557
32528845
96225395
58274777
97041095
18013308
372589
46906476
31295340
1709153
7348265
22000056
90000834
20055465
41063384
8131553
90010061
3013460
77350291
10290506
6817937
87333692
94187159
98020254
34500010
777118
32004446
16780591
9021030
46000347
7613934
95488919
55005896
60435462
83566172
70042864
89656699
30304048
81245631
36620524
69314018
81564866
10910275
16702001
66026033
65516062
5133
60356906
55011
97978539
40256334
21447301
17022237
66470456
87948132
8199734
99140992
21589073
80682138
2043
30430245
80400050
58374025
89142015
40283228
4020075
61032085
90478336
70300973
91927614
30771249
5056970
30030018
40040004
780838
57123888
76430013
79766008
59199187
1020090
34389280
32152238
5259516
48270047
21215936
52346043
41323546
20609247
47853072
72084548
38608750
520737
1261558
2200782
64910090
67488007
42834726
87307643
51980125
10617017
85407013
8563070
34486057
7082965
60706084
36548743
64849402
81010807
80982273
97020820
66035065
54057119
488829
3436518
21900294
19014600
55949462
73955817
60328048
23365777
96050594
770820
66633967
71219039
96775629
39657016
97450859
70065922
39550958
63086467
48098694
84167487
17005546
48140678
50993714
26480944
18073233
95747315
11615252
50287600
52006023
92772507
1717016
20178059
66089102
80923152
9696613
1087601
54775856
32883097
67070091
73841551
5795700
92103824
40484158
81026021
70056435
25850973
5076981
65531967
76956267
7874858
4862506
86191402
82581041
7000017
76585992
4254610
420572
18250656
57630353
40749513
81787763
78070365
49201016
32002748
8581036
95215043
60006043
79517019
33209070
50819703
3797047
50376959
73740442
43860032
90414
60931736
36010473
87308027
26950544
2400096
27940
98170435
41837635
98795737
41648844
60972818
567058
93714838
61260092
1810274
69812164
99309953
90999813
9680406
67107705
7000115
223050
69320350
32737956
17543006
1044077
66001073
89060852
45839797
30066831
54304587
97290907
555965
50059
51842090
53436027
16610018
30059705
223069
26070945
198830
23090724
91414980
10071851
82918083
31492233
80056259
6103516
30430004
30054096
70038330
1093468
61912176
94246571
11025
75341141
71119542
5485838
25678097
8702
71742648
40817163
84436028
67035993
38361988
68650767
55010557
30697670
2002015
9584008
30952028
45611324
39183182
50041
54771525
86153993
95085297
14506008
70253910
90001464
81897210
26859433
82915
92072927
84040901
8217272
90900073
95955474
19090562
38616037
93785990
32842182
9069076
36509028
10350450
10600430
46061683
25054779
5672413
30008588
15666692
10863791
96000041
76902889
62930046
7706078
637053
90048081
5380498
1904171
80403043
69920428
2230369
86814621
73804463
61959474
89685470
2064084
60740267
84067874
70304631
346270
348062
28300522
48017129
55809593
81266660
144716
41505352
93240995
60855107
84000031
19541951
7005212
44362103
21060507
95130061
606831
5572088
90074
3487257
43792575
58157053
44208838
50860047
24392178
80482010
58633184
97348075
32505057
29087139
34800909
78173633
90805081
759631
51742224
60064927
10352029
20104137
70407739
98104165
61042010
80200926
66485855
18850595
68469854
8325521
25056
21600162
5502972
35534034
72710529
75058051
97461700
62281496
50090085
60953015
6459865
39191051
99018085
14951907
70711624
27394475
60367280
4003523
1353267
40247865
65827811
51196186
96465674
68660516
8005733
51906024
90100173
8369169
52343070
50394715
90880696
30342879
40538522
7543930
84548031
40502281
10693968
90020783
10007394
97068
56807089
48159736
5013177
1002304
80636493
86921337
98197184
12683172
28284581
79769091
46528704
4001574
6057108
45000942
1978855
1456980
6679844
8105009
28464560
3102581
21504252
50000130
94694650
94030354
67470997
70835318
40914368
72130911
17359912
98227903
7605821
80001024
37830420
33469075
32623021
16663597
9547156
79574574
86544641
65365581
66663606
69559375
6065576
88952414
33750538
77290365
66103395
5445022
47630241
59660372
64362737
8009946
52372775
88193080
37788439
58261353
80307141
73005216
95429457
3731458
88419039
36903987
34527670
51242111
26770021
76057169
14448051
83128168
12201150
8533862
53145158
97009047
10080711
9256032
70381403
57842862
7950257
90614561
46463995
76815539
40026119
1755630
41362553
30748301
22236052
40090206
46301176
23076008
20001064
8505432
55924305
81675378
30859844
21445510
700494
54928037
4071094
45169731
27900143
70158542
90244594
15672245
70831348
92105185
305983
50962911
37172234
55190088
60215468
90824294
60001083
1906227
14050156
96434423
8939037
9735637
46995259
23386439
70704
54106302
54343813
3099210
11863587
8401029
67687069
83509724
19205
2253149
82290221
60233882
24007046
60693661
83054071
51320719
94006034
83727888
53233781
80943526
36229631
47806245
40770057
43513939
16767311
581177
97335717
1000063
93900202
90000
28222034
49037993
14848725
60620602
22709966
56167555
2264035
68024015
8143201
79427289
79672757
6004006
90130158
150951
42590683
7169268
33847718
20952860
4478476
40670471
44168600
91010792
62390051
9604066
18644379
78976010
71408033
10942161
31474965
20600120
21774910
39336039
92279908
70030024
1565734
64008030
29426109
2706806
3111532
6827046
70200100
2115942
1090404
61164010
20210716
44168251
4190042
59017987
33675419
63175039
41349302
31012428
4742738
50137603
88179254
32636615
501317
14840962
1204824
5540148
20042507
22279084
66677596
78465046
5900070
81296006
23040079
42125856
90263407
87230319
3461593
11282318
59002146
56776536
65579422
57963105
9279289
60245950
63430085
7940011
42773713
24148534
70088478
90656624
9585449
78480255
67612784
63977
57000086
22268023
740671
40954597
14137665
78600288
94401884
156797
32055118
10100649
30375162
79140093
18625193
80079795
97883730
9015299
25106075
82200072
6297142
14434131
907776
71001250
90006447
49841203
4121086
87969733
47752
47159759
97049940
92514132
69613633
80028969
38887884
75104008
14406781
10936242
60005732
49509856
59758295
10144049
23676338
87029070
50292390
88216670
30575011
99605586
27003876
17820569
26054
47486766
29644815
3170970
88192345
70006876
204024
4869309
97717432
90618676
13187929
54377560
3720050
45297833
11592036
20112233
65510613
26638075
62961849
60393045
90800067
63220531
29552416
75400634
40137849
60100002
84298644
33204202
35578976
2800083
60469780
50733555
62410029
8606793
85495461
1070070
6549632
20063719
27078979
9470745
33802480
49005431
88
58919661
95569030
50068588
28551230
10800036
31869327
81415764
5106705
23752793
40783404
99542897
91265603
70000209
372076
52217757
56600439
84252901
9193067
73086947
9520993
518
41016257
54623722
41871097
29580581
52751366
84930025
80090422
16209384
80637242
21547798
78945975
70349072
31667501
70164678
42140737
69986309
35902975
17060792
74390622
10780901
70840663
35296682
75253505
87479024
20045300
96028
27621312
90282571
53015108
98007607
3024041
52252842
62142034
39032697
94739305
61990631
85832049
19746139
11284219
34918602
62480844
49125291
80551690
19893077
74254933
66108861
18538887
73391105
40639629
8588093
73520351
65203697
8205572
30296347
97294786
73324649
77550020
49800509
6320002
87064981
45713005
8311388
969038
18247554
20812241
14319291
26206030
6010403
73984754
31833190
41154162
802839
82990644
70420964
80767945
32644811
30920025
87707954
4309040
87261156
88000801
83471390
65100371
70005001
38050257
71870725
329188
3153022
1517709
6007015
98201549
6233963
18087628
96087263
35631367
99209704
770335
88072067
35079289
67045998
43859528
1518668
50319877
41896603
7074489
39020050
33731686
49970489
4502056
8925865
3351474
25901475
90110099
23884394
36061020
92230859
80645831
23001780
37901713
1963060
71730145
45000738
30334734
46709789
53433789
40118779
45691315
90306068
9771256
56514186
45988643
45540032
7036064
46360599
33987879
11500868
69008109
21072074
40098931
41463751
9000464
9983464
980017
33873550
72708523
46462320
443070
85058052
20351959
59102615
80270329
46252829
92761030
49999001
82637093
88634898
97075058
53000028
5742956
2702135
306062
9070139
24109012
85355239
45540724
60750094
4505701
39954583
6390455
2020060
9669823
21496829
68704575
16880540
909146
8300029
95837069
29670094
987392
72285236
99155065
74751305
75096616
91853914
32916635
69874130
93807286
370803
50684061
67301791
95040536
83022245
6054
886115
84631393
80548512
94886082
31307041
58388159
14567924
64950105
364667
29702444
80825244
7308146
7462479
60440832
4781345
61906052
1657370
72167395
40153235
33564649
46800150
90030200
40371171
21448015
42872270
33095095
5615794
6003345
86
75690012
23620236
9130435
