7000
4052588
435351
51337702
32752249
21150539
46020054
20702580
8202004
43600163
99571635
80764045
29864792
26207036
14000019
70471008
7008591
7010453
26418269
82207861
98057009
44760415
1065546
5840730
5887035
50540754
6503283
42462
47861545
37003346
61087102
96487418
92036548
8000736
91306898
7100899
63741197
4088878
28214211
2903970
70533527
21906936
33473090
60009096
62300431
22800449
75995112
384277
99391284
20311744
68307732
80250397
60250127
53813407
81042956
60044641
77060566
30299055
5565660
98306423
5023720
1207626
60909230
6310693
7417935
72855583
59993150
283817
75585265
2498427
72470065
71853166
40000491
23403384
31050039
30002556
3010028
4863991
27430991
507069
3008547
52613700
82020558
40790160
19180357
77009881
26070013
20644701
51750914
44074276
41027217
50000202
58686599
3118910
67861557
1825442
43448661
60816087
21610032
54843004
76004550
57020765
60228282
86231439
240982
34759526
6464835
46426957
71500485
76437587
80150047
71843615
33559055
70434763
700086
95290065
8003948
68867889
40356303
90160028
91400916
29576121
41933464
29502569
79206459
54524099
13415674
90431811
64050201
3970611
30406090
33940838
9430084
10018087
42444883
59502136
86872741
81284218
91142833
51715165
53806203
77553320
40050018
9605689
3346025
72637048
19732095
48019823
91437961
38050986
48515546
65021992
7703084
52196595
4432029
2475602
22020428
89036550
60628238
20841727
90301115
84100050
26121675
73082878
41353883
46917502
40030021
17304708
39959378
76085953
19358066
85645323
5405351
48100603
40360027
53730743
59140800
81593574
29696655
7001758
1083623
49040419
84242478
33368224
2387022
2170785
2000570
70601058
80000792
519357
89985394
42700023
66081099
18820779
2704134
14580578
60800079
46244709
16030775
6063027
36414342
49286261
94330904
6409067
49427951
4450017
34250856
94603938
97000074
82638057
4374123
57003682
63600819
27664367
7021876
45415460
9558737
12066609
69696735
4010331
3200604
93993415
41940153
56264028
30443096
42635406
22238303
12768005
58109209
76865390
77401243
70240555
65317450
37654195
7700615
60606482
19393590
71300661
49873976
88374583
89312621
11221955
13522678
72965029
30371669
90806537
9529821
20300041
74734184
1030943
3003639
57006602
85891396
66091909
651966
40381692
10011023
8809489
7741
15952574
746870
9165829
49604484
96732713
37867538
77661485
69597884
59422999
17038700
6767056
91130015
600088
15896718
36718273
67025040
67002396
28454457
42789068
45526441
32010098
4330006
52001906
76073631
99603627
13257632
35029909
14169768
11524433
46180476
60290100
29729751
3600024
2070973
80501692
15174694
23907006
89074617
61432026
77705785
32762080
79607897
92126047
98027227
6079097
3581058
70434295
35108813
32017029
23903007
7394450
78980168
3529947
95233627
8930417
15304906
8548215
37008310
76641848
81444011
82830550
33400666
79523041
80591
86962422
46827646
70064
86088906
49052181
5746161
11200486
53915139
80000388
81259821
71610126
7666871
44449619
50006430
2780
12960028
74025
31050040
210041
89400069
431552
1728389
32383898
50900115
91480999
4022035
99745407
50222683
81628458
63350555
72522981
69117023
49747230
91546968
30498713
91882437
47328445
3465006
59056672
39006082
4241688
60054831
67876784
46907183
60944732
60940424
37384289
35229021
45650805
11523501
15613372
84747517
8446393
75805223
85148028
46732861
94556623
66850055
49007562
2201809
85553553
80109478
66958613
48094635
3167312
38130522
91134906
45400342
59801439
10050204
89030386
74376291
6164079
86412871
49471271
9790116
20800260
902788
27146113
15971893
26434840
60546670
36865940
44164578
60822414
72414136
5167834
12960651
39045181
45999290
20117620
1001727
600063
49605593
8841112
8322076
90063090
90020094
93036426
50025393
91857947
33077089
30800137
45064429
23015152
47186266
19278191
30000079
50096267
74341055
30193494
81486604
55965064
81530779
97666721
79026846
8792432
70010748
81370315
55233668
20957467
90064536
87402023
52001110
1991008
8062955
83779428
20670979
52693015
64031381
94514346
61481685
67183077
92260497
58783614
87811838
3003011
62062201
40038084
70054011
79126754
55408221
10455152
30354319
92476587
78896677
5036024
6760947
2092
85178806
99904492
15817339
5780955
57881152
35713400
41316839
32929030
60024158
60000213
79281971
71605023
465381
70661125
6016491
40078007
39052872
75087551
98251850
99010844
24848004
83021112
3250035
94040167
9550299
51229438
17108937
16445240
70315372
98124743
89280415
7223633
32431473
49259507
54687053
46563059
6050519
410950
47789186
4286330
80510790
6070810
9010960
40411126
9905599
61774058
74029137
855562
38756317
50180815
72323819
780167
82562047
81210036
9503015
20050479
85324515
80039026
308186
56333437
40308150
77720330
844787
75512993
43518934
95557800
41635755
1106126
90064083
56068
96084255
41191056
85648604
71779225
4660076
58380581
6606546
80031095
58080883
8346660
99060210
3806141
20701002
76936298
30079099
43106898
30000955
4719558
4009688
19448075
55536958
93522068
28149002
99132722
67485206
210047
80300061
700042
7025029
73301855
69192006
26764064
20434538
402341
340
65133579
7644693
53043030
8912497
41333528
43249497
6841872
24781339
84699883
8004778
80949131
37658211
58630256
45689494
17929770
70445041
13027601
82816097
3003447
54713864
73029750
44392068
79011604
3760061
82847623
6641374
38485219
504086
59570352
89377128
79135024
91699964
65508962
31063859
21107203
73180321
13492067
74379630
20003217
18160451
25625405
63851535
570954
86508404
64482119
81641878
538053
5205607
82009001
19906240
30219699
90300015
517051
79200799
14542856
81608669
74000463
5444
280184
55729531
51547044
2000524
84410172
38470948
39910
5622
129298
10746425
97333074
61880033
98700262
76700523
19369897
68431710
63126533
32816215
57718907
44987332
62825979
23005043
5443775
69403067
3201642
68617241
13082021
10045711
70405180
67757207
58295956
76083274
91303977
28400402
17068343
92674004
3261443
85940170
85455544
10524568
20858009
79074337
90720832
39312544
30706586
27599825
10055928
58053862
93149192
62881377
50437633
98480317
80887327
1327625
85543757
46108886
27362169
3102102
12080413
84407486
98608424
26410804
22003338
86492424
35097009
1333265
17071034
87
26440033
57690047
82699029
30834900
38871462
50840569
11243640
20853035
22292263
11258086
7058456
28000694
40169212
74419921
59385
64958881
58430875
28890790
756016
10517088
27062635
69986334
233151
10600567
75781826
91892098
83081590
61076519
40001013
90999015
50029087
91242263
14885635
70650090
306023
68663569
851120
63044355
77122074
15044140
908036
98320189
34550434
94094363
75622936
50267798
98475611
87510950
56256235
75180811
15020017
38772531
53902264
8703411
64092975
19109611
31790582
29225759
87905552
46112083
31194105
47302640
67346783
40050047
10000351
41309319
58420001
55361807
55316754
90900219
14320801
30359050
52696032
59409167
60379072
15552004
50304012
90935250
93487699
96030085
90163045
79570587
8960848
46718831
21096067
52580447
51184087
90860100
91090113
32168
88570330
22931658
65296873
52953309
80161535
48337824
10865648
77758511
8900929
23299086
17388576
74413097
90100775
38357538
8376848
82770529
5045
65006943
12425368
94029805
50616676
11538643
98384411
44395491
23351899
81322369
35101044
50829856
23410908
1329073
15006395
63252563
800286
759676
59162943
40230191
73503397
14780720
82792777
80323289
84884077
87510404
51085767
70452932
40366000
47503886
80543642
5087752
80205094
96975580
69345747
1623042
69048074
638223
76460418
20584986
74506595
47000088
23697047
7344792
82264525
36858072
34629510
45538043
95300470
75200302
5600009
92133512
40020987
39331677
81398424
3000009
35000025
95020034
13610703
15875044
3607165
24203792
96047143
25354448
71971017
13726356
45003046
36471469
25136598
6010262
80601795
38697160
35236810
79370900
40902200
81203453
10112577
80238441
20990890
24505100
39768015
66683221
363608
105166
5234559
200403
94932738
5002933
60440996
6324922
58107149
48029299
5000443
47008416
18845472
42032012
87288649
1507279
6079077
99100031
7754104
92545112
23090002
32152483
528154
7007874
58684767
26850035
20417457
10867418
93633528
33303818
47309833
11301598
80018050
2371895
67005114
9887290
71360764
7070515
3315862
18375423
25016994
5000895
42040034
11031058
91663872
95453013
14202019
20248149
15832612
4862139
31800069
9605587
80083021
31891095
43963727
17052611
42689160
27500269
42129620
17312036
15785661
73027362
12863771
22221057
58656189
24830070
10590565
22643115
41370575
50792551
73758489
8160111
63992862
12789681
40305313
80502084
20500591
91401804
24761817
1638650
35503972
8006877
61175046
9003039
5313983
50090401
30990512
46301457
82728047
2134868
60470034
76616116
90002527
53984795
3305600
14309068
70066022
874174
25467826
77181083
10052384
21480009
971002
79267298
92012733
12228745
8690781
57136763
90634288
1300046
47173375
24907687
8002005
32074111
36621868
59408989
5051649
59533764
3937731
41525862
50163020
30751211
12442198
21608153
7900082
80020
30168784
40594132
14306429
72017391
60660460
8007304
59508801
94087107
29495596
103086
83222707
29761547
45289475
72783622
60702281
79765174
32050765
30585048
26261089
4717016
3038625
94918585
58533853
44175316
28050336
34850751
3249265
77503711
70151043
66505757
62604158
66921021
57406703
2830600
26142567
62770481
29070860
320152
73703874
94070929
24015038
600030
30230036
35990369
20282031
74105018
3985909
85880976
50970941
14728976
18614973
67982451
13302019
79060500
71869707
97257170
71867010
26940385
30700472
25003075
26349028
99425624
64082400
58001077
33062040
20003013
45300443
26330386
91370489
8880312
53006428
31699300
61009069
98002620
15373281
21911526
92076011
24566318
28522900
74989437
88125060
41943762
94593059
1258188
49700355
14602427
66606358
18010933
7510730
62670149
4261946
50306320
87612908
85060944
3513363
40599059
72398441
40009335
821625
2671355
16300086
38716090
53488026
97089
51721737
79232068
24190038
39605141
1795177
31140878
88093195
7450178
43021322
27424442
67881143
88266150
30056014
95227124
48142010
1070971
73203610
70983055
46239946
93132390
90539754
49040003
32626162
76546480
59324614
36712021
4103556
60854327
40008033
19013843
60100067
60944104
90602028
11426381
22912525
2615446
10420038
6267613
809622
5393008
8080751
46058267
88315329
4441834
42286017
80090841
7563108
60300573
89090281
20600988
45063014
49147153
91925861
78003102
6259538
65755583
60047271
66551571
36265064
70634531
36058405
13939707
52601941
26762155
64103428
46549054
74660314
89399229
31126482
51964808
62931295
71452736
73904957
4602185
519032
572008
91634276
66471873
7505058
42085072
7030265
4400961
50005059
87088896
41633981
3802302
66822597
8163062
63521446
2500655
90076395
33029455
94800759
33093558
89360789
70703332
46000118
9650051
43088367
63320716
95023003
25681775
32405
51875722
901046
83000165
89606088
2506743
9306906
7219546
16055017
60302042
28019934
73801021
55594452
49512211
41226001
24800097
7689445
47960993
5041723
60722019
65000787
52200025
9109972
66221872
60055074
1584008
16435929
91480647
91310047
200029
50683455
66784736
59400033
18084631
71041826
5022097
82255043
10873273
90500333
49620725
35659393
10819811
25741963
15508220
14775193
28477144
24093382
3486532
34692040
61053021
8053047
80684278
80933467
13831065
9700113
7711283
11719024
3066676
3326047
70508901
8030026
10896818
19944066
17680803
53114029
53578622
61162150
95
4370471
41835614
88541911
48370202
96352081
3002016
46979988
92043588
26070595
89909375
99102763
16659601
70030679
55000078
55665522
86506562
3502542
84549360
41428618
63040087
10041993
13800235
7302932
76061213
8000017
881282
65869990
56903065
98113323
24725269
30529920
55608979
44703416
36130314
49703010
1441165
96607298
49044467
5340001
66600088
29065320
96007078
19902046
27005924
49000046
92870570
10860192
4989569
75730246
60472421
30060312
75920056
81838839
50806084
3939
99767470
10040510
65801137
97506099
38298237
20917067
48995967
50537842
730916
89765333
16980101
19005522
39376302
3000009
6706000
20500035
28945195
51454396
1330537
6694011
36032536
83960157
56513321
74505247
31530417
6046700
41939963
73197676
50956582
12943862
45599932
31009748
30611902
8104006
68743899
94788
69990274
42598872
74806033
65448956
41780658
20950982
603451
90835968
9020029
57033038
38930012
2434443
50867387
18640027
8702227
45000924
2023636
48372187
56798360
38266870
3250026
58991904
84262144
30391010
51650025
1931292
93657942
200051
8078293
2647952
33444486
65837027
9188788
98237078
86746902
57900410
600056
62014162
58765394
4614956
59940941
95530209
74300546
21044056
51801829
96806090
68952499
7008585
10088219
75363928
77754449
32000304
3167990
41843053
28000392
82530364
25501819
92384255
70003261
60410042
67911146
86351825
76953494
20112
40642911
10284026
6529040
47597651
73500051
2924549
85930703
68000031
10066085
59507143
95300354
96054102
72201333
10455261
55801355
9660780
10527079
40727114
43445572
68317584
84945065
30047972
65259412
93263716
15416082
75380537
11798928
61444400
46410641
17303639
25745154
57096960
88968622
9461759
68492908
29334240
77068038
34005761
16674596
91177068
31127771
55865992
29307171
54538290
51007708
95000333
95046670
83403103
5520931
59168763
62375956
1119093
1232243
4041593
23719740
402008
59985881
71022173
6743489
53040053
39702555
51883381
7945042
24233600
33243436
35951938
56404751
9302361
666042
23086545
14050023
2745060
59680348
676086
2903071
63300498
80040051
1098105
4291088
99604100
69331455
75200584
96008753
19706500
69950018
6062397
43046757
97020173
40206632
30712652
764046
4107084
63427975
791743
17920048
50977
78409
37403501
46405402
21981341
87069248
85874144
40641097
3019474
90750449
23003982
46453057
37400016
23422042
3006066
24024916
93098788
49107506
67022053
15460953
16300016
97270792
1215149
29929528
1482795
97159415
63844366
2340162
43317640
9423994
6800056
40508051
70022332
9640025
29961811
19123896
67265913
89527912
51278258
7109959
98420145
92079264
83818438
41053672
14615560
11076884
6624079
70138217
72266200
8792236
48800588
20558258
94229941
21147831
39124105
301025
20390483
55468053
81630787
3025835
20501669
40071557
26000778
82055182
70898633
7062
96910345
90934293
88268493
540092
4897122
500188
86065128
4001072
96910019
87008955
20908185
3504011
91775294
47100962
76632295
40200792
98022786
9417166
42449537
8251385
30404014
48522048
6663283
10530069
65910726
95006973
39739023
14275428
48858443
26870018
43464726
69610475
49213490
98147548
8773197
84078357
89528921
61160075
36423841
14062800
1060471
28768087
9037356
84603015
40076499
21483831
40343969
56275471
78202277
50607010
73458782
55407525
34613428
2217794
20725862
9185889
98885976
80595532
60809012
37025040
22015834
411126
99002021
11621190
26067831
28808533
88180063
51330673
30318082
250009
58915130
72070043
25740300
62490112
44934262
82698871
30600196
3200122
52909348
98745841
49311936
22070531
48665981
44260458
21633848
57745682
97301008
6604702
16977417
54529671
3570652
207060
21032091
15943889
1445743
46100808
85259515
68606644
70683329
81420271
50970605
62250099
56968
50096080
98881527
7425939
33722932
60400173
96834096
2376017
9206868
3703835
44174637
10924723
46746299
41818648
78823438
5200953
4803540
23044328
90935744
25166450
73555286
202097
25141959
4027633
43570648
48775009
80670001
98061940
35079957
70473071
75909032
1127009
70104514
82439
50067119
40612028
40968359
77014036
42000069
70909813
96033024
80783809
9036974
36302895
25681251
819
29686525
40056901
89914881
100699
40582450
8066660
67439523
52256080
66851530
360132
600285
70600086
1099730
1001756
476525
589976
83009461
7501943
24461944
77218721
78283652
9390739
27202134
90000535
96220002
57092335
14007050
61903202
2200754
16496057
3698924
42340605
61443295
2820105
13006293
861997
4181523
49716858
40217721
13030064
10301552
9324597
55125669
98973183
80297907
6073976
31611518
7003412
26555944
10057976
19240375
160055
35126424
500005
93970167
34037426
20000212
47072074
80509965
60750706
60400440
90065485
61710
48165083
84216700
72069092
36088896
40659805
41214591
3381082
74701009
858160
7485311
13740706
3351581
98224030
82229076
4089096
2030083
25920245
1409038
33009609
54050006
61053056
72894670
25821379
80162707
18545957
95099728
19882514
488059
5534631
19017259
96763665
8980187
40777423
18283193
51381883
29136849
74810609
70378442
21363156
7904013
65010919
4103074
86872369
39030592
20399264
93160649
90558622
3084026
14835568
91351480
4909171
30493910
6545
43966219
32807021
170819
58452432
51032887
83190637
77079256
70514262
95101877
28434189
36245004
77626752
83085537
30022192
56177925
69150065
96104065
92998468
40350020
79155075
72927009
34379670
70222065
22808040
50910058
39377926
10080085
38054013
55530554
77007912
80943638
34822944
4297930
44021769
90021102
80381334
76326057
8309999
101159
94676938
90305373
65904831
87348487
87741495
3001298
14568005
33864053
53380051
63443078
55779017
71111983
70506039
10000085
76017915
16389691
46319149
80479197
34575092
8237173
94694309
76134161
43176585
70006666
98821620
80709633
38020433
41153490
44764281
39480239
57988763
20554073
47616890
1000887
3144144
6954993
60888810
7103095
13253389
8084568
32639739
71303359
40681678
90796
90582844
50570459
1700065
13752106
40287625
5593947
3174020
10707063
36888142
3510056
32044307
72499046
67707857
70008164
20439292
11354095
56923122
40049933
18048861
94233203
78094140
14038588
76021029
89035402
11103399
29193631
71203382
29421545
80009606
30596633
25930469
90157519
31123831
84226744
83823762
23042081
99310555
2380995
23243785
32857058
76920029
93888512
16090216
66950967
23093753
80667384
55581775
29775760
27639084
75188904
79693083
67718650
1620060
39046064
70740354
24077920
93092138
140083
75795898
65439356
530093
33749164
63825876
60200332
8615308
80994534
63280130
78583039
327445
6340733
85118547
11107041
34386477
79169886
70191237
80018503
73554743
20907335
243
23019346
99324991
77562492
31060064
70812454
13700007
822213
2196242
94540089
77636246
23697327
4278038
79940863
300067
59040028
28168293
1283863
56347262
54500715
62358301
96689654
77046586
86117676
75562439
79110732
99030848
52967564
11880855
3471731
29620201
10261434
61370432
20080085
81303894
23370849
25069654
39320520
61360800
90500061
7006150
62037259
260558
28015830
89006811
4498372
56294857
64988957
95221089
41897235
32000029
87738430
51038310
1084170
73437588
2206563
306213
6335873
7139040
81313424
63593080
95313191
50085750
19573093
31228942
6007663
39670031
50011349
89035478
4000023
50185059
4449385
90277725
8833067
32700646
8459051
83970867
8335177
5615092
13011987
35180348
79419765
71402810
12172333
50500439
23203708
5808860
94141686
3042775
9802143
4054087
80960834
17910371
90004001
95731312
46008492
4177407
51184479
39540665
36054705
68240
48143677
90000007
10200098
10490
23100202
77803076
84220625
860899
486038
19323610
63641291
19925009
18017064
10395527
20228345
91968208
70681699
97008077
15635663
18913986
67163818
86790057
15903892
67590911
97909521
24479584
39062154
6760798
40615468
3930005
3080791
68818197
40602037
70061070
86441301
10280360
80106188
14944950
4000164
10610103
49723373
1000038
9595063
26248793
35030599
96616053
75239250
3400535
10001920
57305083
17308253
10640009
76023175
2341343
3609342
52457166
51761284
60007170
464337
19067836
42008783
40180033
8002075
25068187
89781630
53360628
83080683
6860441
2390095
31212323
22845423
87051325
64558827
455246
4020000
25900012
67912215
62967637
50539742
5062618
77957401
46446770
6239
82495
71646434
810237
95859828
33293552
42060395
8696751
53072104
30400668
77809945
4007105
10833832
50354172
40150299
60006239
1200050
10106436
1445936
65374733
62838297
22052931
24540590
3899472
70881462
64528967
324080
8963795
45629075
83055879
33857263
70472656
808770
40137895
66895572
4997573
158
23420649
2851787
54500090
45379880
62480377
75975110
58102805
21374475
63850479
94263915
843256
13332147
39370877
5168873
14905925
72823648
8023155
33369002
93645072
73106980
9008695
15093573
935646
62801476
7083057
71064097
36849954
40348902
900966
2002063
98077158
90399536
88780033
5104736
6095052
44716945
5210610
934395
4000777
35631252
99404544
73570857
7020
2968193
5960027
50343403
24583609
45339640
21752300
4305200
7905301
47800148
54835579
81352755
61382082
8069510
34046453
87234578
41311205
78963275
72405835
30228061
5372056
978759
69710535
76477982
81611754
4998035
57430040
2601294
7900319
44450419
7995918
5729295
67735560
68876640
90070813
67012286
8035458
63885690
20091011
18524061
9617176
20700093
56457139
48631180
96030092
75690601
28140029
96267122
80009528
60490477
38644738
122407
15602096
97829885
87701014
16966957
28377667
90609408
40120177
34486346
20434793
84400270
30553854
70495638
500019
8632657
74719604
47539246
70207291
70900046
10111022
69097097
74502451
14451080
5645083
1007220
764212
67664
80849845
69535615
400980
2039681
65417014
19243352
65794749
99003564
57653415
91190077
27601201
76544224
30502301
24271925
59159673
53931902
30000466
10962078
50491652
49000464
83190428
85895627
86196846
72078
41340125
42052649
85658968
1900468
24076262
39748120
81657151
7007353
98530973
15243620
72680098
81430089
47880390
18078202
60071019
44540984
61056571
61900334
20800865
5056071
26015136
800059
37100635
41139287
75581036
73407001
7060064
37069715
50231471
62540403
73400124
17754995
28229451
83031464
39510337
30555419
73975911
20329314
98635820
51468478
14081014
2688819
90114942
95628482
20111017
59251106
14804335
181054
28780753
5009292
77730848
9065963
34402605
7038612
56262249
98740817
60981457
71131798
26685498
13916036
90707059
82835704
32258055
60084753
33192611
84391352
466994
71556208
1475806
74301646
68765377
7549657
75244415
37389976
93057564
2450058
37160248
48770268
33885009
86438241
43033
7409
59803142
90045775
7932459
53090220
83003717
90700251
40300086
45934720
75191245
95464703
72480963
2028818
40001386
4105243
27043543
83945
53001239
44900090
61285832
88951
59370128
64692942
91000481
58480542
5421116
59280940
35283717
6864946
65985764
54055329
8913274
91968594
10570266
79633514
4968433
79890110
5411303
93062183
80350326
60795377
9904130
47334534
90711641
27055733
2500035
26720000
4783081
67043459
20540452
39501926
50438963
69111205
12108756
57723999
471188
21897040
40924074
82780131
80084695
293080
40908055
65718589
63605514
82000875
61116673
90003919
20002328
62254002
40301247
48262831
40543124
12820089
39906084
60288266
70744172
94371925
3362060
90752306
83323959
3030549
27907026
20704965
72813249
400062
40930024
1095996
97717055
12481175
90244433
9047388
84085780
80090046
80400119
6206169
70051723
95851083
10441555
70766687
2137306
30080000
33942491
83334483
44762062
85046069
47915061
28677972
27501967
8104614
99994375
57500054
11097881
69000066
61096702
78683086
19772903
66013975
30301289
27698953
5650005
10965240
2204280
91902688
66253536
52351768
92323708
81405301
6379314
13705686
89370175
97041200
50401484
71500028
64867550
44642722
64007355
93269701
45892205
50939624
70763972
82990611
9253250
10972763
5403122
7852898
63
69422001
18916025
29615163
96710179
41840728
56550173
2048098
1056476
38661661
54060985
90876826
99995082
30247868
26483821
5120342
5247755
8054745
17434361
74735574
1618132
1597
53397468
80751105
45910884
60800789
63994995
93080918
7108491
30078035
70008454
70439072
90743598
94709996
58854308
85001323
39133212
47868098
46775489
80092075
62564012
85111111
8008003
70010979
19099385
75523675
50534008
15065221
1416557
84114033
23589554
76008419
96164902
18687680
40086127
65741937
540085
86263586
30007348
60000455
50309090
714004
8409040
64225131
270022
83828471
30020052
52702695
20540142
55901027
94050417
50005076
45534161
70040105
78910648
72233519
6838611
31024315
83064094
3772941
54451701
9809066
67964
5429065
90428093
39317769
1940421
6681471
38352077
11376963
21102959
70797821
7642974
29370028
16009843
64272999
24256419
886903
52998313
65500744
92847375
34392905
451023
24001525
5572826
36727
61872343
2078191
62038067
45040010
80533899
4767555
21847250
84644037
54097626
7935033
8545045
10520003
6427904
26057167
82282020
81066428
79213260
80022
6308308
77187831
11535528
3200032
83093
1668924
6255496
45537935
20348106
58382662
23060327
69570787
71070381
29513329
53851405
50512654
523025
8008908
20864912
681
94498285
62240364
8003213
90235051
64870681
45108128
55668114
46829954
43553146
46928392
58163755
27587169
53001316
62500441
80358885
57369731
74256021
4800620
77142125
9509758
54705785
36429943
20000121
6502328
20564123
20100264
48953093
59323635
71080076
58690216
6170212
76839260
60800021
16085575
60818065
27857007
1200294
779041
86010913
39089222
32321271
16530764
40498427
17190225
72866287
23427953
75100016
83130133
53002251
40033
7376965
9441382
7803065
30014449
40510724
56570767
77863872
80932813
96804614
72212037
3720265
68000235
25554825
72260206
79280574
60042111
85935027
81024031
11700747
14684474
20582652
68544132
72411250
6002256
3262973
6018703
51414634
38192121
90351353
80040083
27091368
6078004
4206337
166366
64270014
30090256
86643424
2502370
10048057
18172073
10643227
97870750
9400796
4009028
93089451
82948998
55943791
21312301
3786278
56139600
53434911
33149768
74870005
89008042
3325541
13881801
7080202
38348897
83940421
11570401
1003078
52568874
30406356
1310178
56673057
45050312
3445202
70654348
55014048
87522095
73717035
72397669
42248099
2940760
67074664
264716
80240492
56919178
60165009
452902
64878672
7601718
25278677
12135713
57203703
20389542
19650440
90400097
96008925
65250877
39584096
60186150
43654288
3981587
926241
82614083
26611807
6078047
94165048
21307633
95504991
1060443
54050034
89136894
71430635
89006180
93185486
80000925
62192084
77900424
92638610
82275094
37659811
5484394
215942
69004286
52286035
72314043
19509096
67520502
28070229
10688869
57391328
14000085
97279000
18538007
30390888
650430
15741340
1793222
24253607
21351362
90500092
1093031
5906002
96080708
1601065
51068613
57610133
56747786
37172032
7080474
6186645
40004087
43081458
82773107
82482087
60740241
54614531
7341105
84423560
72002839
97680725
30909046
50069599
60907045
78450928
55263172
99109761
660268
90070072
68626338
28018835
78157857
36706867
859116
61107039
70160476
54405615
800008
30411086
20717832
27335731
14976211
10300023
50552172
64550464
80260308
30956083
60910918
72671620
1164652
85408428
8062089
20101002
5440025
66080093
59072569
50141703
93718947
39215640
7905542
390
703948
82370625
27419489
2268018
539001
52370125
2611401
10014397
53692790
12704033
41250618
80294
46440064
20853032
18144011
3943015
42567029
4412596
44438036
541027
10083481
10604048
20098596
10470017
93718906
88521971
16801487
3338453
70058422
51105780
46679793
54554687
48481752
90090208
35496650
825402
20812056
94674569
57182234
76059175
39295072
91090287
89495968
23803349
3567760
90809511
17237277
35332628
11075003
61359979
63665612
62905265
90000081
53915350
11004642
55948658
64230439
9900029
6040123
5785571
93821897
47548949
21139405
83812032
6873666
52598095
20303447
57667051
60930035
39005700
31038213
30119110
68330064
20930031
25008598
63033006
20507117
85070898
20008089
5917226
10050919
93393101
601779
74167948
9599345
46066121
51300095
92092220
95100911
13002735
415496
2000372
52093500
56334978
97094038
70006018
62063585
36109100
60081531
8459531
702855
67892637
20651066
9008641
603033
18019589
5489885
17273043
32041085
60020191
71555542
7380001
741438
70934013
24198041
7610992
84990063
578074
32708713
5000055
9630826
3006266
60906797
60606093
2246696
11125960
56000465
42849081
935070
56129330
56041990
27270297
2700740
8727214
3076389
953813
27522572
73070934
62036577
12291059
60605789
47084625
62894022
923565
9704439
90766116
17150345
94805653
10020002
40670736
90214245
6603916
99305977
30026974
30739
20103134
60817745
2008840
46376905
36575915
81070703
65405721
83321290
57653894
71826260
95006236
9700049
37212048
60237040
500054
86215227
56874053
70507744
10235091
85574062
54242867
38147287
30587183
1497315
3136848
54927481
49070845
13735326
13361090
83589412
10091287
86753091
40838785
90105801
5502927
2395834
52363841
38000472
99474882
62048725
3405035
7880028
4025153
70065001
15069065
30406461
12730805
51800670
15340
3350093
20240787
93093099
25380604
32018900
4018577
3403464
79715107
91992834
18857792
49388207
60845293
72681861
6774886
19051092
50002744
22086574
29367540
7472278
80006071
10180898
10400017
11827475
5883228
74820037
42821869
51900396
74897704
9195976
67200384
7005035
48545609
61800765
3004395
18809347
61172144
41848959
4328187
25836880
10575664
85780353
98430342
65592
36
53865998
35002847
33709552
2037079
80045175
78036091
7250298
9072035
69363432
6700818
500067
5005755
89416305
83204319
11933251
5000030
17604460
10276967
51407218
52053696
38577857
59561733
33173590
26581190
33963656
98462862
46974730
66900129
96406274
70607050
58878458
71714234
49502782
74934051
99214588
20000117
26068968
14526259
73302063
29900048
4490036
78084008
9712878
63422146
79241275
4720021
36390015
2005654
80766604
3842182
41830948
57050332
14662587
49785254
87038
59022231
24439221
2606019
11664994
19678054
73546000
76908875
86526307
12004037
61502025
30654289
24510224
54176985
36050860
70702379
3494325
9306801
5092036
10295614
29820301
8000197
550056
4003023
56468493
67051118
85913045
60860024
80295409
679404
80788448
77051064
27807069
95593218
90200842
45657565
61000754
40267689
42396045
73199783
45532223
46684235
97563542
84970225
7805811
80077
5000237
65036754
87835599
57290970
8100492
28048117
12074423
8314301
11966643
38005225
87058350
88785400
96282493
59003509
1038582
50869656
64497953
14939867
3037778
4000990
79026533
4990051
72804756
11656100
5835290
16521904
2500026
1748683
5986154
14390600
99700003
47049422
87000011
8125675
99930313
2011378
53045797
7417080
41605470
1506960
45008271
92297271
699022
79703560
75207711
90732893
33546082
25342663
59207451
1292001
35873591
90330046
36000977
43300887
15724224
88662994
7112504
47213587
84470236
89672289
59060032
86049020
63761107
11650610
43902507
19284372
54332721
7301155
79520022
33955068
24050506
1777466
1100400
11504003
5044582
48653725
78770699
8394036
1350887
8390858
701505
86013783
60692694
34634727
41533030
24139062
771788
30996504
61985061
77087907
6428848
81182034
1205820
19707084
68031017
32283878
20859654
87026014
20042464
73821590
59606463
46651356
27539203
14646277
6556489
9431018
717937
75666975
91600593
53092594
4126531
2904985
92728039
29636525
58690051
78893883
13417300
23805018
12606031
26857931
19385419
30571705
89784063
22181702
88155345
52702425
3925815
67730840
73580680
23767043
98556
98591843
70526275
23949458
35251836
230168
337067
26203813
22688753
7125737
52404795
9050278
95807725
200000
39665205
47007479
49243018
1002258
5668468
77300656
67261873
4608924
2093289
22206069
17160564
47305322
64038457
76139800
68170286
63705696
45710955
65520133
45151844
34230322
702129
75017664
30000994
22790502
71755167
98020226
98235966
64216853
7076522
32743840
5895540
95453339
93681727
40598008
58773446
824997
21551978
94035834
59004568
90459063
7609555
9050
2404252
50690232
603059
28228613
238776
27992048
6574524
75146219
28746993
39355846
60176323
30626103
99905941
8644583
59396237
55347461
86991198
226869
99101556
90941494
9880717
50808
9336060
5963385
76401824
10300405
31095697
97850097
90050800
80119809
70220834
38342387
11286033
60076713
56005189
9054288
34567496
75641041
77899078
41607509
80140066
40968824
75974686
93043304
19306879
34088596
49797205
13491120
60550884
25944335
90040006
91046024
98178813
9396244
197
68643861
90984277
27278089
63784127
4434818
24409263
31666253
14804221
59062815
66551270
96263949
17902219
95382443
583093
9034502
142149
100424
53210839
306083
62057416
57391309
73116653
10655558
19969957
29549372
22618
85510700
2400604
10947505
17060992
80008133
16702268
26250364
61022684
78084600
7563279
46080097
90052801
7075050
6162652
17380637
3892175
71125516
67730892
83145419
86705565
83507394
79152064
88985106
37914650
77119642
62440093
1327096
37600988
40487920
48558987
7006049
37485627
6060023
30466049
78205044
82000558
5770550
18534692
4139353
12412411
72853682
69621586
80503787
89583714
31806822
22463633
2669500
3828682
60703316
57764023
96172676
910084
65803457
16431832
36013581
20390075
90963510
78234694
24539041
96780202
9220022
61562930
16925671
20160454
53146354
45080724
5033934
45074710
43223073
54019885
31000247
51950311
10890501
16085024
44338184
66914773
2771245
55611710
53944400
5065403
87620948
42830088
6560794
95626021
1120809
68000073
88003
30204578
206026
35879050
60500874
72684476
60702216
37674824
6029680
11327747
40363082
70001301
54199818
400831
37409110
33323694
81521143
2267267
151850
90789836
70054722
54391026
8017248
9077629
4182118
69502939
96505135
21511829
40577731
80845534
50618029
67320181
1286086
4971462
40443394
10650480
17826968
77619090
286669
64011
10348475
50930142
72351533
16356792
83120166
90110944
89309608
99049856
70004026
5961217
12380646
51063687
39587923
4630544
71075192
94061809
39402330
22090461
13097799
86013340
10695819
38927272
48484900
61332925
7000086
23492028
8607294
33892725
72952818
53926030
72174246
64490353
295237
56381534
10337105
3960048
18193410
20134089
28375186
29786434
8957785
19116291
70092011
21072201
28664097
78962037
80060840
19175370
30288207
626981
85071138
4229719
57219817
70090441
34301044
35294224
21031982
5281122
89321943
11957
46835856
30807052
60040051
40231519
26846995
94917016
49375658
71025145
91985333
52960607
63783672
2674489
12028026
8721726
2309
51622547
29895504
8533396
15528657
78268186
98325189
3690694
42479032
38078679
5710037
76448969
77831553
60275124
70700194
33296301
89005778
2725
36750260
77743543
97510298
46108905
90050701
63886291
18500049
55784724
52908218
77332540
4077286
60078903
50275081
78009435
59507457
8220042
4673503
35498988
1034064
65957070
50205028
3268088
18696948
47366994
89109880
4005511
29474348
73008177
98030747
67015001
24849895
2486930
6217059
9008373
33837421
46298967
8131330
15376942
12574
87027554
59116774
64605471
45789561
33245286
4568981
6905612
3307037
64991892
61840356
22326598
22703895
49667269
7010295
97573089
41359554
62629151
44216511
90687586
19078893
615584
27283700
77591356
55100430
68441222
2559116
9211518
14939978
42803591
62289910
70
90887978
699262
102734
85417760
57056896
40500071
73174460
17017842
22370588
82050047
20563889
7053398
54369879
5056069
76580054
16606122
45795727
64047062
9283
93409789
14007210
6198415
95023635
39675330
8357206
20461676
2097330
7010593
36447928
5256004
46400003
85441404
94564014
52134663
40068
5850318
280053
47299962
84534394
33503577
19424313
87005516
4987694
72036
245626
29020207
4540342
40726821
64125882
80708074
35181042
90502045
48644022
80700080
559904
6297983
22965011
63750382
79764063
18790860
610153
43496868
83444071
10043
5305473
26100188
41336538
23583121
15030728
19481089
16131136
52420081
67605244
1089853
81160259
30673785
78670532
20095869
63280961
48686944
5111551
60907191
5336095
29117875
23666786
57640585
95415065
46505679
7251084
84802786
40000048
45216138
9720257
54
33892865
40275051
86676054
2072074
867927
59716026
9184581
3497093
49065306
51859774
28953256
70514024
90910242
62000392
10675481
40001595
60882001
4009050
9009077
9205445
19872086
80151984
73611615
9653341
50275257
41000273
39825876
64015032
19074057
48883490
77000
37857483
84400496
687753
84830175
23644091
69655445
20918319
6100601
44700089
82373974
90678023
70601188
43873349
67940785
6539042
57162050
6839627
14152714
70700054
6569498
17809048
20372282
67897777
16384952
2004702
25362094
88702276
19058089
92809796
7089
92702713
65810252
28433291
90801593
30003328
99856128
72140830
2090473
46736076
3731996
52707001
48966914
32510295
48908042
48390069
47627438
40451863
54716354
6959321
13769866
4378054
2001611
81850141
1501287
68018670
61400094
31108084
403142
45785492
92039335
40106985
6096358
27322009
54106333
41502160
79262875
910152
66004599
3096185
46263375
950286
90111885
87785987
71993683
86330917
78025094
6185996
20619663
35712583
27042858
74988937
80223593
99138188
21040807
38773341
34482463
40018016
69074509
51241869
43939162
3977383
70800524
34070503
79428893
94818345
51023065
60310078
73600058
76106978
8278886
99801932
14704765
7144071
28783795
760971
61554870
48839556
3903081
903069
83348053
74123586
85845587
90560048
38059943
90218623
13337776
71396195
50837103
59093308
20502611
96907376
10003516
25403043
52212424
50400676
490857
67706942
32984081
7385423
49670174
35969341
84069771
47015015
15680816
26012220
46468370
56220338
25377998
3939077
36751851
97278974
35292376
94485432
77706002
79306460
95552
90020030
5620154
63258470
25200988
94295986
70037084
64246233
95171263
43143
2015298
19273364
21002382
32543827
5655729
30604011
11071097
70539053
86545093
12644213
91217472
69606751
79784290
87319329
30420816
10050689
90009002
91071469
56131047
34968255
40200376
35094716
83679464
65002663
4911752
67368942
9145639
86000901
80000124
52769910
58578029
74990
80329224
30118729
84166771
65553318
4363114
41712407
5016076
3281648
96710088
2105944
2677191
130093
41711581
74630257
54356633
93837205
89731629
71192995
802143
50509126
31052424
40300924
4960846
67928196
69876250
91019060
36664609
55402473
28768019
95092212
9062834
68077003
713556
84141061
93309518
20024083
64054
1006507
20691942
52007056
483930
84802728
65604028
394495
74004921
75097809
82680051
64545520
21747084
50700479
83360081
609715
16282836
80460530
91040155
39678368
6052073
78697917
28820903
44400965
21216935
60490755
68231727
56160930
82152146
5942921
70968878
67342700
32805901
1400033
271187
38525011
30226532
94006051
89026942
22187343
66340433
68790006
90003869
62003469
98961839
58205854
51160199
95613218
90513973
64410641
14991785
78970006
40649859
60713218
59810779
5791078
35730880
88160091
6007004
45882035
72886402
38164505
20700294
47203998
28000430
7475126
34072050
61267088
89286011
1279998
37043789
40608182
82004890
508617
60865703
20999239
23334678
57659419
85082025
87452549
49050054
98568655
60037487
77107977
29040757
33155019
70080035
75405879
87820713
8341698
3545071
95001050
218032
23870808
86635335
92841922
67066060
57681936
41087076
18760768
20552269
374389
90653982
93059827
82517484
14238062
34590797
10307071
72615177
83278600
78854081
52050036
12936406
72911041
97739878
60890385
61454066
9030893
9243373
86
11762021
9506055
42198909
76100760
56258095
46177457
65793289
96234390
68190599
26502171
25381258
83314173
66192887
516052
4699195
37343799
43241178
77218455
11151659
77592894
73800044
50050192
90959051
56818068
56311826
21704166
80093638
75080975
33002161
70917872
34300987
500964
10627484
46361557
80372975
6008547
57398702
90604713
77940132
81000519
64841
9736
7617446
72941313
39540105
61106001
83574019
90066085
97741071
75040907
74142151
4379534
24276378
22570349
3490632
40088924
63100436
10575804
76090975
85050373
70836322
54767772
91117737
57535723
6403864
78586604
2000054
94071508
422680
3196163
50094974
62046048
60147846
77600976
43170277
49030054
9015679
40240905
6060071
5300730
67202762
6720095
17953535
81709522
13918773
9400197
52070703
60807096
48720265
8592028
91578845
29568584
80030072
3003002
6493109
47002887
68157055
38700173
64931725
30210339
90382806
58948108
64746044
9800940
12217054
9201059
693814
49308469
18061081
30043399
99651956
65704435
42050271
51865439
30037084
43711144
47474318
75977924
21775195
58805542
79102596
49386128
75560728
88656847
35616448
84000795
72840908
10380023
6206203
92963051
2022096
60694034
93271168
39537603
87600573
40149980
31000093
8550
81235421
8820768
63320790
1120101
442233
61894707
30802724
96976874
60550123
40004882
56530128
92890592
72149317
4885769
14521051
37868659
80577060
70155471
39034426
57990626
39700797
19711120
30160467
81113496
22090355
54266134
60883717
33854810
90691474
20153510
12079557
50241060
17305811
37990042
106593
51428034
60518903
65197617
70012099
26205495
7423301
44004480
19871289
40851626
8490397
68128083
1482032
13933844
20974444
29225
23813599
47982864
306930
84007011
40900952
13030397
48838634
53645870
25196349
93407081
1820002
10230399
89659070
22325652
35273344
87350093
36293616
335459
39412724
6170467
16752606
10539
5370525
52405090
75778652
99684238
70107229
4720828
20228056
11210374
78961457
3002886
99423098
91907966
6543056
54056059
2044
15509055
91233212
5100019
74141215
20067055
70565274
20098217
599504
24398732
49928312
78400723
84909519
61258797
65091039
30576100
95540659
53247456
10710021
40357166
44543664
32739925
23531936
39559897
90756551
50600237
13314013
46741557
90705300
33072711
84040144
24156305
10733399
55296092
210070
3900061
40969094
43964946
65469311
46449318
55001924
92043348
1230336
94514360
63429553
89859784
508502
79323733
87718006
72242105
88340265
52641593
72140494
24341411
30335490
12263755
58990253
2169949
56766000
29855244
97644875
80457088
3871857
14284341
90390036
3400043
35289704
77941
94480558
29778450
52620024
57540271
80157076
55501704
65551565
4646207
34545531
34917027
32556030
40143340
61292132
8408168
25009029
9809768
22270485
56422827
90500435
98169237
80022790
81558270
395167
70000147
88762758
13555447
806630
94702048
97557617
66950169
6611707
58222413
2495105
8007038
661611
71005098
85838463
92829522
78439907
57406504
77001199
80525367
70964971
29731045
89135254
56453854
33739830
40901059
17300997
20200507
70065251
4400092
18650022
50290279
80453109
10933745
2844017
5000060
22989161
21040786
50052674
33411893
27830480
43545060
82190731
9398780
2794246
20076
20994114
1200404
35503416
56448095
87629758
51460044
85038038
256672
37109019
81906008
66688749
88350001
10750238
4677777
85564347
90790213
7000775
63400044
32669571
5090733
80442857
66793449
4066454
40170043
52400999
12097824
80020528
14013788
44248826
67721853
99366275
77984230
44100687
11798244
37600466
695674
68094122
61527098
56552053
6000806
42181740
95690423
60063581
75190883
75750800
79172823
65110448
12522241
70401940
600782
714139
82803183
18901175
46052900
24912686
61475529
79297531
1917345
18823
19049064
1630340
7068952
28854563
62874273
70482902
13244312
66092380
9390686
18445061
59541508
2036094
71230839
50731012
28528212
40500753
8710145
62011480
52605843
270038
93608549
34306684
23922735
800038
46525212
86924254
60399124
90180548
28692163
59120454
86701635
78740458
72025298
23546973
594
87052206
3370328
95348421
64296826
32651056
5020613
10377612
41707532
24015
54091408
66743763
79324213
4317471
577795
98987557
22297205
59204481
6505940
38198371
52191988
9030836
50744809
96001043
96180674
60928490
53542226
70215295
74114693
71130765
66689031
52650049
30026037
97943902
6049184
70169309
69417343
81300729
67668504
79730777
30535975
3000064
98286962
62168104
27246829
10219652
40003521
71317982
13695342
29107493
60238962
9035811
39105493
4860158
91150496
1411459
54121251
2005031
40077056
59647864
26905442
10161547
98835489
10482720
96965473
21830827
90044165
80100011
5502548
70004226
87652991
48583151
79009238
88019808
50659615
26010593
35300371
4346347
463000
73382548
87466763
39669265
12900872
21159391
50766003
59450774
34154492
96171783
435044
5045966
70676847
3830015
33010000
15444092
11206200
61810186
11495451
46879663
15607401
82467009
36015221
70663624
21274521
38010385
79030382
91720404
8028406
47333926
70866
55604436
78720080
68217515
70800899
80535273
95100
6050862
33148995
1040659
56875573
54085912
50002425
23000085
39370991
68179742
15041939
25244578
22733415
69415921
78882342
66340118
80123884
18584555
761846
47075012
70460055
94025657
36843275
40027029
38630129
86281209
95977112
178950
7113193
2532515
99380001
69385023
28032886
90742406
5719971
53512912
89748146
92852051
54390817
59855606
70502025
32930587
71464759
99103043
99898783
5289590
35046983
6070017
80078917
49465073
91205410
81562059
25271733
5437807
50698514
96454590
30053079
21484953
45581355
51859478
97273906
27656624
58910836
96804329
14051272
14080015
14700385
5090
17304229
14203617
44404034
71095146
49082619
49307208
78831923
76939815
64970116
708621
31414074
85466973
10040209
92001841
8565774
9200277
17710706
59080916
6673
44005001
4000099
6026309
24140038
96040126
19284682
62995506
15216315
62336066
39605316
70068804
15294847
34695721
4628353
87956044
69503730
73417724
29959951
91099199
69075032
55060988
90632604
57732156
42056249
50068651
101656
98004218
65921485
90020082
884315
69250070
98387698
43916456
39094
8000727
30152382
44510097
70735658
7096079
10000275
75097
90465608
7206049
41855660
87506468
15740391
7110327
7008398
30806074
90520915
23284531
95106384
3603021
63149021
9507317
27709890
61127081
9012
33001475
2592751
44050007
46009415
33984909
20740677
40290804
27031853
72013203
25542794
94533411
7587306
42159314
82600272
76032512
36421129
95059339
97040989
5004041
3574
70023742
900044
20753200
375090
6061030
47032793
91507007
47089216
2005818
91053236
4655030
6260781
6082855
46383227
51060
33662509
94430474
11494733
50379627
36924955
47080045
58891352
868576
5509694
85782660
84098380
27291086
5813046
73803936
70066384
4780433
85435588
28114649
80073068
14573186
4799098
45045012
48674714
62150334
87605097
81300522
55608544
89022098
49933110
66000321
53055601
67413281
404957
91814129
60246066
30230180
53540435
5805637
10282811
6015670
9000964
57211720
80017733
7920436
58028509
87403203
16324515
8836029
40025
60118083
18492697
63226651
61051810
4976539
47
27817249
37154
48642947
6002711
5255300
14380796
81389103
18810121
56627994
94705020
50972026
87600032
78148346
50090902
8075279
56926428
31007824
5226673
60943288
5344173
30160146
430568
80303627
50827301
93001032
41465668
1883026
92490521
8459761
12040951
97000832
2398196
90408329
38467033
42000661
6850663
8688641
68611757
14162013
42257374
33021552
87403863
53152062
50070907
93808432
4508870
32969189
33223102
7580225
50853653
74957614
30904292
52203367
5796195
20008076
40730678
31405292
30276568
4923318
80030052
9421221
85443945
31327263
63073481
95507015
44163469
4869022
30000324
32800245
76596738
5200689
66323646
172086
72071756
2169048
2172319
69044640
4978361
92661043
386006
3074592
27035344
30370028
55771340
98730573
126020
30257034
16099498
19030022
90615255
29028927
13774794
4704201
4360422
265488
84455579
44301916
60161886
12017678
22126286
31779370
1874807
76230726
89898465
9703539
2730047
5000899
7739657
67145045
17250044
75401259
6020149
70809429
860380
93318166
25230651
71526895
66991149
639390
7457902
6052805
91320593
27806367
84500994
7936009
73455839
29126079
51718979
1990590
34324430
29167273
63646163
7499025
58796097
8372307
67643008
8511051
58870831
32042547
41200415
80714641
80463422
47140035
50694364
94637034
76464834
30500093
20291988
50586006
50094461
47391946
95413224
93903308
19025005
37164490
9300055
86561792
5606918
2079388
44152432
6804016
28097964
17198693
76085378
37945154
99550870
29210101
30016475
24960444
22380411
84273569
42920060
2643176
36898739
5075678
9368658
4679354
54184146
650058
13090181
480066
9827336
51449403
43843065
31462499
661267
22118837
33990683
54590723
3255373
78590348
33635863
86144564
8495427
15731526
75983141
74309297
6211796
50356148
40050580
5597257
18036045
35474
53910616
35067891
31255
16374170
30906564
10000742
29820155
61633588
60634448
81026718
77464610
7469055
55291494
96269708
54190387
2900949
95305801
6158627
42452
8067784
61873387
64235810
47232692
1360089
1448538
60027320
15908656
48376093
31680805
2288829
10038373
72390858
82095836
37788629
807418
62198284
233438
74859149
95306070
92850059
73005812
76067893
70850065
68920660
66710709
22900349
20334363
10575261
60675076
93958378
93177019
1503160
88661713
68579123
91580717
37078105
39147060
60150906
92941127
90489726
19489325
3000018
50145298
4810135
35970763
60599786
53708320
60265530
75990416
34070833
98830106
91884073
40067057
64039048
65328060
36915396
29577112
6410699
60500179
18091676
53692
11033535
80413285
3488015
97074084
5642022
431065
42365788
76070022
9380357
20615593
24600027
1198870
50304040
6006
90480049
110019
59150222
70090010
10877989
98420861
10266267
30600795
68832767
39197952
103393
90917169
99403042
10018000
75078900
12011
90000053
7001018
54297510
55136656
64107856
9005564
72347373
34272314
72196992
57682107
9024
66056067
2196530
88970637
68790510
7690053
53417946
5021340
20367427
77834726
76210633
800077
82907605
43006552
92085037
87510126
7440339
37208055
8232730
140063
20906431
32777923
58087696
7000037
3145728
56490097
70010066
407100
86046398
10686585
84446610
30645230
19910387
21402147
2083548
73565027
54030417
90094354
42820842
36002280
69324876
30309517
64048909
14087062
5784696
7710296
4630083
90502791
74404133
98737426
34990816
82621930
81833875
91179075
48695521
39132736
67007200
94402105
33200285
8838067
95231
46578725
43790991
69580450
84005781
9089715
13804080
42652984
17708826
56331517
13834064
37869260
21005337
50800064
23187272
2629845
48000612
16412066
50968051
17610149
14103884
80730705
85817805
44204055
31084982
30050371
90114587
31185813
90031776
36133360
25239570
30672010
33778570
23004063
2864431
3408075
21119092
56850505
93426096
64588388
90122427
62926234
10646011
6110814
32150870
4378050
59050082
70341814
11882223
41839120
3307974
3108448
90793994
31765551
93743579
13021016
83174124
80774890
73191129
20700488
2412604
3918630
93728345
20000826
62662750
29805007
55457450
87250245
87950613
13307073
90703923
74774803
90140206
9730020
44259392
90513496
94170078
98781962
43397035
71080331
2483804
83385380
73769440
70494849
84804297
28721419
30008203
37671275
10849537
64628803
77567911
66749351
52741902
20698766
22006744
68549412
57826702
19337308
79040829
85009646
82337653
1802114
6400485
39705704
96844190
11179055
10
69509061
3386094
49114032
45411765
99632746
39014
6010360
88881949
52613656
150753
50644075
52709934
9000060
9080035
83627933
22126158
32297038
5623209
8937917
50144077
71451779
308074
87300842
43896843
65478489
89401947
1079157
64718887
80860433
54997931
73051072
60508512
64928618
24858082
99556995
89987904
4061931
585790
82000034
30634298
4455704
87562510
34318889
65144077
9240011
68790891
70660339
7271316
5000375
84262126
12064015
79348752
31027805
394212
97047226
18869003
20156703
1350019
78294027
50289927
30077589
3020051
79640046
94435258
57256806
16484008
3416441
22447685
10868802
19649139
37434464
15627964
55351271
80025888
53535109
81551697
23108851
20353040
96026395
63195098
330045
70100022
8148990
17403381
9101421
60432072
2103756
3049867
72471698
64379795
58868000
60205979
91508589
34316705
7594044
806407
57371127
17412377
1944902
940025
62100027
93030323
97487049
28953488
40582494
84175013
2621591
8164060
4183422
4044249
97558050
30260012
70490852
21690168
50385682
57790681
9508052
5508880
33208590
89556184
5415295
49831554
30060624
42015012
86004517
8254341
902064
10641257
97126775
47025654
46012734
70010
69934092
13854935
30093994
50007202
98509491
74030239
29082859
19756256
89840321
35452086
78588968
85752647
2100078
68247938
45937
43600143
36296069
84035903
8856526
33967775
95200033
800219
75719462
4748029
53001630
20891697
70671559
60009067
336079
53386815
94460793
47508019
40680015
50720456
82700002
40766200
96872332
60903944
90088216
31907600
23420228
61149710
6598
55698275
89007541
18634714
802322
4553980
6100687
47009122
43900145
75368269
10981340
72733644
35714464
30209092
60936571
90005693
60416685
22000427
70700437
5406029
60930079
66556013
76362146
15741991
62945930
21834650
74111424
78353518
95671036
38002682
3230122
51131484
3981657
53154055
31541169
610630
88700009
80223007
76059625
10636339
69454768
1000228
85200022
3971097
27086761
12606394
64400628
52442321
32895680
51800065
88130093
9005733
25350784
91124684
369767
27209282
41836317
27464672
605726
31419333
27233785
1190448
39460041
40878355
89730057
6803058
90015018
4960423
36304650
92019443
700060
1834991
390360
80000012
8066793
89300541
12190480
5949188
12345009
30081827
31512513
1066455
15955318
18003332
38998317
72080095
5083069
27680373
43852083
33967279
39061433
50688
78401187
76684653
69104604
5445793
22507057
80605082
80080556
2018069
70070939
76727
72918281
8601097
69790009
8858485
41803971
31251035
31021
7016193
59511725
40303670
8552
88086581
1376304
28337089
95017069
19809159
11020100
65155050
11785125
85465711
10122095
1442169
60163706
30090638
22472410
826802
90540006
3020230
49285181
12644028
679518
8406926
10627940
6892753
63107153
36097078
35931395
29989520
99097900
18494299
84032030
76532946
69218808
49323540
37731104
50503168
54690015
86701856
85758180
50415171
19614399
68810317
90293092
75904051
52005010
69094004
59645860
22802950
1798014
92210865
70055623
2542970
10230056
52078151
2300646
1790178
78624084
39106451
70973327
10673050
51998350
5000852
15484424
51959231
47853282
94659432
64953076
39220404
95050826
612965
60092084
46636517
45675090
701050
20754197
49307871
87231487
23225070
42844123
60891018
70966003
94898751
14550441
16858056
9053187
5072
49260545
22002072
32099304
42790944
19808760
59543873
7000092
2006344
17066963
90243373
21305
78372889
30866083
14
78003178
60782000
80203314
69701797
5053751
56210032
5286070
18798071
30407367
6803973
45507012
20261
56630137
36270378
600932
99190249
5001697
79870472
6007739
31827819
58498964
5690186
9601223
44650523
80855912
79718764
54206972
92605510
16505067
25582118
50927074
100025
8891098
55063500
35670721
7309769
79000057
77456159
9341069
1035469
4283915
20224354
57037716
24649744
75951826
90309272
18525924
21057850
80907
14554117
38009502
80795374
10202667
8241286
67182969
9004757
2420079
70808585
94077301
39911194
4466079
63596029
40236071
48550857
5349262
58069087
6900023
70044762
1380931
30691050
248983
97684335
277466
52350346
69010395
7313313
61262518
44568681
54922227
4190997
80730760
41629
16260621
85444310
39464174
50139735
50074836
11476980
40000638
24478603
45505645
187457
26060615
67072063
7293237
40063128
55365774
34172777
24663460
20403874
71742042
82352657
50490037
77761909
48204938
37326831
35586417
7638051
57495971
93758481
2702370
33233369
31894066
10866718
18781223
27827050
3738020
72260122
33433144
48106897
1530067
6000511
51065074
7301258
58976571
8000008
29294042
70001029
44846948
34764969
98523087
10445266
4870981
53400994
3096038
510801
5309625
7625471
84983100
357030
42209888
2803357
96967159
20110085
68893882
169065
96445130
23674818
60612568
72419128
95333591
7956072
3690631
86343559
17678326
50541690
73222615
5088627
67809121
99414873
2000085
95505063
8093918
13831029
89609080
85087052
75227991
3929283
6030079
30061735
67831987
55902900
65028581
29331060
80360839
57982985
60105261
9564014
8085692
91130069
45681575
6207836
70331857
98482855
87104806
826880
77625353
18120586
93436007
30704442
63096605
83556302
50293112
6173492
97725671
25324299
33348263
37916187
90865383
68082692
76764860
90005096
7954876
90959453
6244901
24900961
18445453
60002702
56606718
56959056
96806893
514004
42004994
47592996
24080318
40000734
30249479
70053505
3617080
46075029
90900379
25972127
20862862
8095811
16122554
10300237
90203856
63927312
57934437
96748732
74030542
99012910
84080592
3503221
1004011
80604022
57050659
32086
80040017
82922201
52512920
12737791
92402090
4307044
75901342
71424312
51985866
6060130
66106892
90067761
28976748
93407363
29307933
9031162
76408666
48016087
6025001
90835047
3307096
50286081
93663467
74855473
46100809
78179383
32347440
58502011
8759064
85208392
57120368
51263743
2823568
65001112
56859076
80189213
60061756
9004424
14005888
7082
25151895
1294818
6069029
619825
78048250
95043286
49257109
38797693
58715458
20000348
50510703
4409622
59500084
50740771
72306368
38835184
21019670
23837841
7000661
95306859
92660491
867571
18312136
92880172
70795254
85896621
99819050
49072901
5324793
407086
10404224
45384739
33190563
70103218
28063393
4009853
6574863
39625399
98903130
30070671
64624060
18070010
29303432
33080753
4205101
99643040
69395472
43020873
30848760
1457897
52424263
32307264
42003087
19740982
4083916
47228393
92080331
84798579
48250613
85004454
84005707
91006003
28724186
88611
8316763
52086415
97243267
98410092
3222898
89785534
27086570
19827559
35813029
40859088
76097229
80296778
6186320
12838108
67870419
79564357
48060008
13618799
96003
48047346
89712292
7806618
54465537
80687306
407768
12517843
83092005
57312018
48863161
10756051
37994329
47416583
92102110
61591065
38867815
2509057
91498072
57804044
56016799
18803785
73836902
3366060
46736928
5083049
4793995
30686489
44020093
13550032
4204079
49278974
42798328
85900256
11112504
597894
78423872
23337894
87264410
62405463
20091318
47590158
41364661
79164903
11430710
69269034
87286327
60809975
66433442
4000708
34712612
48075681
85658007
64319764
10370974
8296686
617972
40508830
69129424
51620064
75127500
11438511
2765820
29447155
3398426
10891607
1115577
47690556
17033615
1434331
98086487
35030048
85051765
3023224
25450331
51091197
44401018
49029766
77931698
94982416
7683
54510980
71853326
39445653
41330396
58720312
20941539
54998367
70000829
777689
5082045
75504765
15886735
17000851
80022018
42683676
66143596
393685
4201127
44057639
3800483
22509801
39874172
59246006
89109018
40500554
51557896
50805044
21200652
97765933
32323846
40707024
78839025
84649287
44519146
1890691
20394315
5574962
2701419
88102119
96342880
60199062
75853253
6394552
49000560
16015028
1683795
41479532
33453003
5805028
76782214
20003543
8905419
1894848
9067765
99750652
4870743
59995789
23384058
809890
69371488
1501945
7063335
10803438
91780569
22609311
46009391
19003412
21315106
7472033
39447095
46814691
22501681
36831953
64080557
9670371
83758060
7908944
30215813
70028097
11404403
29689368
8114182
91667373
2700054
700098
5265690
5004329
33780630
40121390
33509299
12310609
36017066
18555868
9040777
600069
31230200
51515279
27288745
41502012
33564061
9930811
25324911
522338
50048
89767067
4100588
71009940
72836429
65096027
74405237
32128543
80402279
2974331
5706142
66100071
97090465
47331534
45091315
850063
1605896
80405054
62338959
44301066
98825271
92100428
92880020
51071070
7103027
70240331
20402
35771163
10108127
7701471
26011234
20013502
71294965
16006545
60057275
98074251
50400277
60104700
67821550
72991729
7106067
10399618
20980612
27160524
22749676
59155221
99410422
5100039
54344111
23020910
32019829
40002864
12013051
25562577
91679473
41779243
46009867
50742409
81449974
21020339
49050763
49920059
17010072
92100937
86390958
85422402
93950478
59096540
90075978
19391242
6465886
49492343
10040068
92582399
9207094
17416598
66799102
93963319
68154628
1813869
50030046
50309152
49053065
41800966
94394048
32549261
51666479
44198664
77095180
50202676
20518773
18845766
99924086
7140093
1842041
34372394
46724693
67068131
24064317
96270797
310409
5032038
52482730
67979117
9050720
21184405
99053012
42176976
82433025
99314738
93820798
57085199
99685021
48771871
8259076
51112972
9569462
8004878
15126751
60135164
14259667
36183017
95780690
950976
15800045
90623926
98396570
8015391
22680080
95726049
92703681
63660778
36705800
4980070
30520933
82763841
20036045
13024198
5684554
32926601
6771778
10400672
9570742
50943403
82850010
95413554
62006002
97486785
12013180
85819
57466420
70941665
72609053
60030364
30378616
97803071
53231433
4790357
51637635
9113817
91981052
41661763
75319636
8921307
30835238
24041005
90210047
46553290
20042099
78000920
8001085
55024834
4973953
85427545
18014486
27980095
87187907
31652717
62940202
57150072
95486750
32782777
27193577
45820600
64802
65352069
11762463
2060053
90172245
41176415
1880429
30047025
35955864
79953166
43276089
37225837
69900685
90855442
40125943
10583331
9490001
67472992
59837550
98777529
93965220
7438178
2440654
6905102
826161
35135695
25854914
71805087
30920036
90433041
59633809
90902257
76042872
51005076
49470029
3500544
68214626
13891405
14865713
38136525
17255778
6255697
10440009
20155116
53773959
10819623
50903401
43765958
62059733
44547453
4227848
9219238
5023311
81002375
40924681
51608176
82903145
60003685
39400395
70901637
92081034
152
30901989
8610328
78815018
5308586
5301206
46064021
80049069
51126476
56103637
27158054
84315171
49813044
28555297
10814986
80455897
41720054
80000172
58899360
2508834
20040054
94140044
18207876
6215943
703847
72790458
83290660
63069865
49090045
65439447
43363299
92370425
83651941
9106013
89967695
8024734
29394273
6090058
40704700
39347941
39565072
78071301
41002207
55210760
2873331
11936352
56544421
32304914
91010044
65810002
30822475
3873303
75100805
39022003
63590028
32807930
1095093
2070258
57467484
72303468
32860793
9731776
67868420
587
3548541
75743363
9643259
16845038
17780951
6939504
70193537
50021574
28007408
80401215
10896
87035024
63858261
89918535
609330
90309073
77606555
10206341
9558767
7558521
65553735
51112625
28019058
1206829
21941820
6050068
22807224
69030811
28767654
20280271
81329965
15760570
41110036
49050040
50769787
81669875
14063442
94808728
42464166
22140516
34734910
360825
65174583
60837710
7513
906542
59267414
90230760
39193997
9103781
87030072
83000015
1366060
10023297
36101548
97249684
89903040
94000094
78979840
82086057
73150915
90981097
56806448
47808039
40795575
80947064
51169266
13369009
46679822
90256760
8670411
24526448
35542374
6983607
10887988
26880981
14059982
626070
78100861
280645
74212459
58342616
20131762
61095120
45400034
83242173
30099538
82662483
70808327
