9000
15316709
102
41782109
5900034
23964287
34278261
38427590
429988
56518432
61328769
88561853
10817133
87190668
73300352
86805014
181537
19994368
40102848
24400884
32368324
61616933
79954
20010074
56713030
57115592
99306306
5990010
80074058
51509161
41350444
30501
72497934
63512049
80009404
17062081
84748833
90075479
3004068
15468061
5605088
5103884
5287592
41759
19004051
6550798
64580430
34157015
41146994
26554086
41487991
60086984
77081881
46009066
79943176
70880036
10002662
80687354
14385201
40600030
24650791
661523
61742271
42822697
22585371
58710102
20911102
39402985
74155605
70190442
10010177
36970116
86263561
90025982
4481885
21606101
24302070
86407162
16180086
81013766
5292905
25045216
16295020
35564780
73899923
87717311
54874428
60038772
54699189
30069558
7006048
85397178
20890020
82570001
93037
39300247
7711305
4882969
3040072
68109202
18074441
60600545
35295928
35153405
33720196
90797569
70659890
54328299
30603434
10883491
70087
6827296
58013371
11904110
8860157
44702999
87274058
11812148
40039935
30002450
44826555
83440916
10003108
55928264
81603203
66064068
150515
81061014
40662061
47786240
63241456
65371279
50800427
94814678
97465435
75062701
13876210
10060798
4932615
20414051
6170381
29440881
79779439
89990237
70163122
46620817
63900057
61893460
49525584
6318034
43456312
64388897
10207973
6171826
78667678
46728767
97993000
2557585
55930568
80170636
23097048
34056348
33447823
70904214
7000081
18884044
44870996
80653083
96694940
209633
46640071
76007113
1509749
78536610
83264078
83387090
48850725
57750250
1060025
28500668
30744699
8200451
65714957
40320154
15882018
32230202
64386037
3801075
80773286
47903975
21089572
7276489
8260309
56667863
83045043
64406642
90606147
81016335
55006341
4093083
6097498
98004049
36290444
69043122
14076223
99689383
39105315
29980475
72083764
61831823
46778214
7396044
60205186
11102821
4130054
57812513
8906371
85044071
86600616
91284968
69182304
70211644
25443369
12902269
4447527
57699
68680091
40220025
4604596
62944957
74023795
6925057
45300522
46961094
91709841
70282520
79137184
34721184
9521209
66489398
7000069
35004042
78429881
80767939
720080
8312905
63472138
4754099
78901104
38142610
78034634
32497507
76422940
666
32090599
37100473
86000029
71772526
6050032
36506066
84439910
40492619
6585084
4271612
8009624
70019451
58144751
74615933
4359399
2125765
72261897
41483793
33062907
23910025
3039834
70026691
5170341
20927962
3912787
48843706
4505090
1229606
945916
24605186
5081646
1000031
77239270
3396469
66032117
6896312
481074
20450016
9022048
90002858
40807237
85806
90772218
71818728
9978157
50500053
44035334
16872020
190598
40620185
6003963
32799176
56563065
49050362
603445
56970234
24304998
93873347
78455468
45967048
37811327
50081884
70307550
50955544
2852982
14906006
89732191
30509347
90562773
15213598
25100693
4096
96087003
51148004
25001033
79801303
40491089
6023262
89513046
4090891
48986614
87281320
66094101
10185806
5209783
42479070
36202086
72331741
49522129
60900235
92615142
79797210
42356666
14976497
8029
68000439
10137238
2009419
67006264
94763802
19007067
90520979
16255972
3188043
27049038
5943155
28101397
105140
80617203
97937233
83680151
96039056
97167557
51907282
11368133
90560729
90265057
6409574
50692072
75972437
10201495
63455423
91700878
27000359
3978095
98100195
96217350
600083
28870074
8206865
76708460
29842322
71302372
16895377
20516278
86030634
28029205
52770057
88
9884914
1073005
63327017
7006653
91000823
65765799
39915887
41467684
92307023
8118441
74802223
62013370
9178089
53003970
74008171
90109564
5099037
93010537
38406519
37545387
22396904
22502807
67920037
66234356
80020955
47733575
42068623
90040241
84055043
49935180
89980226
90104396
6908763
4744113
66587757
22071566
401248
99874366
40609017
91001003
89360594
64648051
80815704
29093215
924321
13320782
59792173
97016639
71084134
93460070
32771784
40294108
7362681
40571151
60054348
86601574
8064948
230185
46700322
50615172
9506608
56197058
70377825
69203099
40807694
60420826
82384699
42020559
90485038
81731917
29647512
9194525
71030723
40290816
48210661
69261458
75308172
67040856
78160287
32027784
10122107
79714715
6319497
40490945
72290192
43982015
68862059
50691263
6039338
95812166
32690617
28600635
40317729
43906712
33080455
44140087
6600392
4415
93281820
84130679
23033244
79251491
42076617
2075380
384070
73035556
49927070
50675695
70199750
59773517
586710
41224340
73049848
32273603
3097383
7248081
585272
17642452
39086986
542069
9335676
84287349
62087443
70074
39051319
73269817
90434222
29202179
43438746
5000161
60409807
73021742
9029085
28278244
51716120
43042000
50522232
54800042
8240526
2802075
23217046
60944121
74310607
50729049
95763274
89060862
96249559
70401192
58670451
23910158
82816739
40394942
69278846
606659
74214042
683038
74851009
40350180
70086369
84014030
80780
36521496
35767436
15789398
95294648
99123991
6370435
11058263
40184283
4510022
33582393
18807044
90652035
67999067
7051904
70337316
4304029
86475380
10607010
70027927
65007064
3417583
95608338
20008101
90564154
6530494
10216491
95201046
21089871
42120267
45895510
14200077
63189025
91105844
92931999
82849218
97763333
99317027
93324815
59689042
3411846
969790
78635386
9947129
9893484
51604278
59626837
15702097
79645410
97200165
88568511
14284833
8016625
1301715
37410584
50764348
6063341
38410017
80334315
54890180
35664166
70906334
90510057
50501142
24922156
41675245
54817652
13977867
5077283
84108297
75095801
22931091
29915026
9054029
97757442
90064754
46330925
26143603
94192799
84708478
25435937
26395792
70207366
40593044
10739873
80161
56790272
96106552
9510408
7429324
45802600
7000657
539071
16524147
83221857
10703016
81870942
6762398
59546170
99703388
85790790
27352264
35260282
23047153
97324100
12040553
57799048
30336013
90902806
50923915
39633318
61255427
284585
88823327
22850975
2784269
70650008
20601313
500099
701145
69300103
45050139
15275959
78360606
57396513
505422
89011426
68858983
17541342
23000276
27794011
56453031
6145049
6383939
40403640
18799973
69605559
12195199
4051427
8259850
62282925
67592469
30163453
56305074
262
54056540
30003279
10880077
57570270
4010935
35170021
29880656
2594096
9743558
38480035
25224610
53668807
42950275
47695873
21163424
35311158
50200296
40602504
40319474
74334725
51245067
83208789
73708770
45884452
29053500
83248047
18706618
3300733
9007953
87782591
93040022
52100166
41780771
36110094
11043211
99460461
75093080
5020051
11302892
10000267
1589887
66700492
60966794
95500316
13478480
52250710
87374054
30959579
98887314
28404336
99719498
34788296
43982295
33060136
3747032
85032073
91124773
8255081
79640055
33515328
71507527
5093495
38708515
51657490
57405155
98933791
51713023
803012
86850746
90656424
89859082
60030587
25008588
24937232
94542012
8867187
63565360
50027088
79330046
6802538
89014451
600572
6824099
65613720
60480060
10402854
45965049
46946254
52390437
24989036
30206104
13255210
57475781
4319488
86143671
14345892
40400746
101514
5032009
85808364
30029871
18087768
95686232
76305399
6000009
46615945
75596054
85285023
57088181
88001887
95029923
62427553
87610077
14462821
90396864
15903422
81753888
1212951
50899833
27799826
57900740
13039064
94377448
65330020
72609262
93800748
7800144
58209062
25769098
6951292
6887835
58172030
67646616
71789848
67646718
6471559
15278728
68033774
12540179
96084394
2937518
37492092
20000184
8755254
57527600
30000607
50046042
18455821
3402112
24066782
870635
83282219
67605131
20907452
27788009
94512026
6838772
2012649
11345562
6680910
3200308
73309566
79929530
80707294
73133682
96298473
569067
60984525
47466959
52603289
97933900
6869081
29086
21744870
3164006
42578059
44318070
4204947
84450384
79237738
8482209
30616497
3300105
59827057
88640993
88295770
58256297
3000438
85699105
3639912
5795806
4700461
73
85008765
58234753
67025505
9550093
1020084
28560237
52701622
1428138
69256586
60808081
97787245
69170133
36342138
90316527
90668874
60062552
60516810
47259778
5910461
82743940
30664
61637923
1282467
30259081
90528793
7943152
1042544
67409324
84000030
35387017
78788016
39545396
105060
72680783
2040042
32325202
71900316
1038872
67875759
12728541
5042
10106043
90006460
441
55027476
880548
25880700
91728390
54401039
10475374
30376148
57718835
64007841
69857077
40069597
7180048
63335592
92643866
51022972
80400024
44001636
88825145
14600007
37698027
10334903
29963239
42859704
500395
91208808
77982596
15845203
54737389
22535639
61202303
30005346
49436057
35319623
5514905
12039719
12875235
41857845
64033785
174637
66302879
37100314
6940009
71924901
16004090
77807101
90001000
20380068
30082510
90285338
8702816
92753763
66650770
45000059
26503097
10853993
54400184
20534079
80090086
40162388
55942195
8039010
32440634
30055802
42202577
74819993
66705189
49827558
62636879
47268516
67336002
20010766
52465525
1100316
34418032
27534213
94277056
85451442
82510589
37786053
70935426
3907196
60230092
94467643
67250544
99879472
63873921
20948389
83906838
47814569
27640658
20500059
75280161
82146027
49410168
80870821
15617593
496
93408027
88011594
10350008
56572542
20890440
7094383
34003711
24487559
91660169
23836928
33563580
49517254
15520603
11056072
50859003
8380356
100072
9545652
13461424
5660977
63754753
70360056
70279271
26195049
59980747
80508046
45983029
74066625
5610941
74320935
38700520
8903972
92082817
6006825
27301096
77986108
83602010
27986890
21979206
6682606
1031937
80001078
23805781
2383752
28308418
3190068
20941810
36090619
90706272
29005703
28097323
9003041
63243505
6039531
31510954
61421015
693506
4059
94632108
9403946
54646505
96991215
76070669
71192395
60330921
60973821
4500721
41111
202953
38308704
701621
84174163
90000037
53494527
59304791
52656204
93511092
84532090
74756020
21374507
81940027
44225774
23319322
20465785
48506
5061061
55600962
2756145
44154082
27597024
90100046
9286772
19736296
4780038
77203236
38800115
3020936
82760897
29787157
28454015
66611965
23390033
39957329
53009573
36410031
16013437
16305689
64090903
65146225
28499400
10770703
51687899
52957527
50005011
3039988
37000040
4002804
34454555
27895376
40378708
79173836
3654115
81644187
89577480
86920088
89545889
104
14961026
88800082
56413129
90456470
53882443
94807808
46822561
75750860
88037728
73091500
75079717
70542317
88219654
88388813
73661716
8600558
83011567
11870292
31100694
2971640
68607406
35111568
40809068
57206003
5062192
5993713
96753587
408034
6133269
30940322
55810956
57036915
78069118
13774003
97420949
9729496
88554658
64000024
21652819
3040400
76762628
85893430
71088111
54031050
95292690
52020517
48283067
59178360
81827531
98511256
39007192
41528993
74090797
12821818
43098299
2545986
91756817
42187135
32073018
77200313
40003952
93640103
3540112
81297272
34872295
4505205
39204068
778011
20603067
97727625
61027626
63797990
76040034
63065748
62767071
6993094
58009983
9238568
86065098
71418095
850018
70455911
70250340
61537805
4191739
33719394
75701058
95990022
27968959
10311724
20050043
11672042
99404929
95813492
25079052
70040824
10300274
67020368
6000097
533590
960042
82094374
60006389
9001370
5473347
56006539
54006484
4890092
99416414
5680888
72557056
2435208
70010174
23503988
59747544
58485090
10073128
52364365
4899646
22184049
7254229
69600550
40050151
61233458
97015024
7780094
33887816
3000256
70232024
20979632
8132547
730144
60986726
44355060
355162
28957473
78670525
37039653
182079
66301091
58681174
49890256
59231938
900919
34109442
24997582
57697524
43281223
63430701
49187081
85509028
3824281
67291624
50674708
76538993
82467707
65568119
42528905
20716007
200048
40000655
101448
5601682
26500082
70552763
43588740
15910022
2946718
90075466
79982123
80350783
94181260
62332970
80100928
3844403
54300692
90208066
30818362
3069956
4254098
98963534
59609013
66218024
48085660
78372866
6072509
82797156
79668377
91029980
34736192
5423
38859736
45724447
404859
7731611
14634093
10526822
48931027
14050934
75900515
90011774
73400137
28058034
3127470
86283778
60400964
14592637
67043008
36409775
24578516
6960167
84784067
11247859
11792374
16018049
4428378
40771954
3343806
82590944
5040021
463042
83168055
38007016
15770484
20165638
16736604
45605933
37915728
2402003
79408204
31472773
8622101
38275846
29209552
94600036
36636562
37066704
60830878
20011
5303718
96761902
8840009
46990587
25594884
65071575
20119317
40090168
20196401
57795385
54794276
17839667
42944700
80944008
27180096
39447822
5915233
90316027
4294216
487033
5905602
18940230
54060048
92464316
96531779
65643524
79804430
57610264
7283932
24047432
52361724
64068422
23550920
4087369
54580018
1060011
5528642
87830063
12641
75195225
39019301
18183761
74800659
2453054
7617953
72545364
64070169
6940020
60400630
31117563
89263800
24841209
32171237
89266382
3601057
3050688
32699085
81067051
72557319
23072093
93340757
20030691
84040403
72717400
69617259
64999076
39839085
50400128
55821033
47878692
19020215
20091388
31424817
51981848
507234
17593027
7601925
30014398
65896789
84580407
68051945
93287790
48802906
80662128
98923945
30300239
89100916
3199049
50071075
50869826
77507287
70601765
53800125
85773731
27099668
4145499
5814656
987122
66600275
24952901
35112992
23890777
2784113
41521845
52613679
2395991
63344237
92390219
51945872
59352429
3354044
20026841
253381
9171320
26950902
57294183
85616575
1903036
48400037
88208539
50840416
46274334
11603907
87511655
16900385
49160159
90761516
63646406
87286470
96026422
4491861
6212363
65006044
24582543
45423897
4541138
37815292
73802598
2530105
10360162
17694746
52910497
85113025
43716514
80360027
96509667
80803071
63010023
99846106
25070734
94777088
53600845
17056964
27811981
63857030
8931177
63486463
6920912
29408948
37827394
70103779
67078037
50020715
10397697
10902941
25136824
92780966
1662756
7519827
11318931
66653036
10288142
8086006
9517003
686310
65286716
71486406
79634687
46801469
7008054
9009049
89632713
72571901
85610109
36295176
93912353
73990030
88652154
39090328
20410151
70502387
14295608
6847831
52600425
20152785
6808060
50488033
69996467
68208428
7090066
91245342
100074
46666941
20730
94505038
48622775
87309068
7294033
16000613
77934045
76248877
12109748
2000770
39003593
11806771
90940339
83990031
56928789
75069058
413040
1037380
16248316
51120563
6960097
99068787
26376469
7801002
37846057
33920686
55140555
5099577
32221716
4201089
9415002
49190313
77044733
68042914
160017
81120336
49005832
81239482
96000684
39635094
60409320
97933796
86507776
51304588
62293317
8010264
89280969
43470435
94405580
4170268
215886
4432792
99737721
15182425
5310023
98652002
6823172
28750818
50007051
31034903
34412814
59822044
44439484
63170176
87518400
40110359
87927121
38690994
69505012
6917495
97015967
5616022
35662873
2050183
80351281
47040170
71820128
28511693
98870753
80010112
90790229
9814659
7134526
74250714
30530995
97130952
75800076
8401225
98808333
90002796
76990593
41225214
61358275
817630
77947116
15230191
89039080
99006091
98339799
96902037
95018979
59761502
29522058
69800100
72449065
80060754
49953172
94818535
32303172
4529026
71058054
69805023
42001950
77178252
30265043
41747329
82100038
94238
38994938
1547054
56806051
80094943
35066219
22747689
3631598
92019
91827488
9412925
70224824
97806207
20210499
72044377
90906036
15957703
86891556
48610013
4660371
2901029
36050832
22839616
61608316
95098443
62204175
78048
20458031
53935081
15964370
18141161
57612294
60905388
8300087
12057013
77921760
14008565
2057829
58187059
6040815
24469182
30557894
68486532
19453635
112058
29394425
37700893
7070064
6106269
88340090
96831095
85029885
77156651
83707527
95900451
14330682
50931059
46117631
47494879
82027108
8090213
63065426
56594475
63933631
47223679
92400012
60000615
23020252
996038
12033289
67578655
6903076
86884361
84867861
78858768
50060526
76891825
42008061
50913434
72109006
90364895
30003176
91088002
71016370
71528894
64083929
54091742
29220100
7912250
10098548
55036578
1938736
80802124
85156062
76601776
10500597
60103305
3130874
42259258
4732847
68238145
92852647
7909416
88602807
8918079
80119366
14521280
3388709
90050748
59897185
9434642
2942775
80362560
50423494
98048863
1301398
74880666
6265933
47456900
33041732
33323625
39453618
73640543
98037000
20175062
790052
50009080
80004089
85079140
88969002
79021030
46402874
19662715
88806928
63010449
40077933
99005085
3907856
15870786
79280008
46256009
30243235
13671553
106304
89114445
74388042
10379073
6283530
20018
66900086
66519669
16674099
70704064
13986225
53206028
41747320
36940092
70038933
94905518
42300963
1027007
79118277
24408349
84485542
10164131
1901
58090046
77732410
64767092
60039053
33801919
42158542
18501044
76250475
3494438
300425
2279684
54325435
239077
88762554
22059305
80030500
16890267
45490533
46461
68886670
62360947
8946303
81007045
51762447
891060
3000717
22037063
1900157
71704139
69700931
96516135
18994726
69567914
69479089
7371166
7100906
37083536
17000526
45955849
6538885
90800720
30028045
7804377
29002697
84438037
36327012
28501198
90700033
11800676
31278749
56388552
26054305
30582333
890063
538977
76902234
28468435
65646056
79888666
33453839
3176454
69995519
80469377
48064834
647251
79009286
88472448
7757471
3006023
42003268
23074022
58089167
25866392
31146635
91274841
53716684
170747
43057924
5900913
53076295
60080037
63948193
77507067
52611835
79020522
80254157
400316
48086861
76203337
30192704
74400036
560
3555734
68500422
7000465
66636269
93884221
7380048
5021081
128894
26489908
86309302
19119
16355575
68860811
96006
18226070
24644874
65766820
84263831
32805866
3230673
76514663
27204310
71473218
91094225
33773019
70918088
36014034
29004786
69000747
57
1807822
60008426
5400730
7070051
80248618
418069
64786507
42139345
70906119
22091350
62345075
1201092
97008564
46200329
14400083
85123016
58217466
67860688
15767437
32880122
82304518
20939101
65904001
49075378
800094
11368224
44501768
45663375
16820900
99387076
32830016
35730480
68657081
11336368
69219019
55545098
4600148
9739059
94220795
57033916
9403038
18549681
22978020
34271665
70080
70200292
14917497
4915922
3404748
62903934
37052376
79021838
65080056
95394203
90015200
5649771
45144825
602507
73920053
401696
99091399
61900674
81082772
158948
42801950
85447907
79065506
55707085
5544
72243520
284471
81456043
86501826
3166081
91358971
30886939
98871752
300076
64979502
51960769
30908864
60605031
84219250
86041990
1000140
53237782
12582137
27041406
5190268
4183298
45450277
14706537
31122542
58051572
18905600
68086988
60160370
35271068
70947428
49539885
36306797
10669048
29079138
94231785
39205392
59010866
75018992
58147463
2891057
11074266
39620240
37000135
7420017
90106004
90093245
28540447
87402020
59255907
10709885
29673426
49370475
5500058
688017
82795417
744807
13072202
1202150
500012
8097988
99108071
40302466
820182
6157036
22630158
99503642
62255068
18453096
5246300
43034
78382027
46604290
4216551
15830851
81104630
69004493
97316613
69001141
40143988
44909365
805380
84909234
50161915
73496038
90634403
90870194
1104325
51900645
9560084
40563408
57697579
74030208
82165083
1853501
53762777
8493654
1002084
14600074
70050690
60212766
96640031
74373917
48968981
223352
4587077
80312903
69680780
66023014
21198556
9099
83950015
92567064
63926278
33190298
8900067
67370828
21247139
37659074
25369087
53855936
30706582
88863577
3090056
15594302
2240458
21319219
52431073
51432192
200000
241742
12004875
80347759
20114310
49433050
2708789
20385043
44157307
99074055
40463777
77848225
37596196
26034093
79409036
3261197
60958644
99050096
231066
30740038
27004614
33184340
96042262
85050767
96084132
60435582
9350799
43130623
17000451
40271428
7305510
795648
802010
85240171
13668607
37059300
36208401
53871541
1093078
56501247
51047326
78448032
40040092
90156505
69134193
2938431
47816668
274087
3947003
26111
80709051
78384874
4003335
79882877
60321547
39579921
40038615
40909813
92004030
27670425
124018
7176695
42835866
31910498
82126095
6810076
92209070
8924079
24279564
41469917
50769463
90004979
30008097
4003639
22010061
11343641
67871766
10705333
50856407
80638657
52675581
81634163
16881490
4270078
87003911
33501062
15860938
19920373
20069630
48244199
70090914
49219672
31293908
64752639
90044806
52014391
2200618
70162456
28008276
80177162
30401533
7631552
62287090
15636382
34027933
40033257
86241300
80610253
60549300
2064401
30224009
134815
24799791
93822092
63217115
68735252
28055078
39142495
60009017
22019885
80899056
54130091
80904024
80755167
94844939
25530768
5602518
60259032
9322914
300055
20591068
70487930
85650757
17439150
785975
38
70606666
905462
15429846
79908051
31000231
36171786
56900234
86499760
71504826
24120943
40000659
55027558
463212
37042898
60375151
8903058
10100336
98940033
87207638
55698935
100087
30508085
6098
82073809
61719370
59385543
44730183
8045129
1500999
50044542
6966247
5295701
45644183
26248915
63177862
2866657
77504430
10453261
47074081
2325324
4198600
77965250
60200760
17403135
72093497
71640046
648396
65009064
59042111
4834232
20092083
98571082
2405021
5580304
80006877
91156466
12109208
40604076
60301812
4209479
26909657
26100137
39886073
71422948
79700054
7789
93251129
41082595
54783
88241989
95781227
61921173
55872968
92670310
6730130
40665408
18805
30202204
39128594
12182596
87037387
76707
868523
1315254
51103366
59384789
80403048
29075069
50074816
51485043
57104328
74110581
68040428
84600522
50091872
93321112
38203015
25406126
9204631
39409099
49273361
93032061
8440003
70579732
6896018
72090066
2032083
20440002
42865744
96033894
29861697
68255804
85900778
29085956
71740607
28126053
75509009
45369310
15211931
51753079
6304253
86662299
21717996
99809997
4277056
18732943
82809229
2000084
15160891
36670708
30159020
1066215
99993074
14534712
43037609
70669835
86231930
12750007
16941509
27098123
50700655
40934881
12727015
72119544
6318156
46536047
905085
40080050
96141996
500709
23770056
25388204
88020269
70592422
2674
97440650
5600064
9320002
93039329
9
30598855
82077196
30050643
48570345
21291979
86307228
82338084
43144849
66940217
62093798
550056
6351362
508559
57737954
2521282
3091059
80040035
88486073
87073584
24573944
34604843
72220980
69671059
67269384
12009137
90978385
55835363
91000915
43949394
56487396
22115905
60080067
60732772
70880787
72965
65025510
90508490
46693499
15053098
76008767
76394720
30490523
18167078
9502360
61318142
21227025
70201059
95829523
28900545
2508491
47754758
404215
32494034
20009176
60563655
80954316
23306010
21759369
3109520
94324352
73559679
110066
9741692
43096608
81598745
26061818
6773896
93784483
28924427
90278734
32658089
8469059
34972870
93500201
90070655
73177368
18534007
92740254
31772273
7020919
94791806
53704064
70029392
82804096
2520256
29990401
50103013
65934022
6152953
51560855
11517002
20020050
59609056
30862511
7681643
46680140
70798
88395947
65002227
88861234
30601643
8916048
32010766
61374413
8053037
50080534
10600051
59605519
15495902
72286602
18118453
3323245
65039728
5218601
20026461
90633646
66288872
85382477
87021904
43177862
65165862
17964012
61820102
9896339
62602007
70403853
84240247
32661983
53066893
48789503
32007851
6709476
67948500
34066498
92430392
75654260
35495
4036326
54027139
94981186
253836
69308043
90327139
44410827
51351017
19754475
54308704
42810559
51205327
81760930
48966086
4002457
7939
95820810
7805671
33243402
46756429
26398039
34331384
80203985
43801521
44721049
88805122
23603117
66874680
66610852
75406921
30030974
5705023
12004367
17951871
18007040
38790179
43339730
57119965
31810477
32085012
89001755
34780332
38800350
36258439
46699557
77001780
30435971
88084769
47390634
64504994
12204974
8279873
56388719
97200858
48680500
20290062
40307005
86159329
58990975
82696999
77788003
699593
40444404
29840717
60178344
30612281
57055845
28920575
26355663
39300517
3900254
71100031
25179877
775
69333983
8576042
56600892
88888826
92009728
7283900
58025
20608355
40775997
88741150
77392192
57590105
9800052
31878960
18111109
32910116
49102305
49780562
86162084
34670980
30443
74391019
9357213
80615958
30882182
69897527
53700970
4006492
3701063
58264387
480607
81631159
81070912
87017547
48081931
53422405
1140808
30178313
78833140
4200333
65061055
29470388
23778058
99787271
54014985
10061248
51922007
36608139
2436054
679877
85379018
31021022
2030034
18869816
42926146
83763405
3719088
25132088
86738730
32395827
60059465
786880
40003964
51376468
400299
97895400
63616398
1940050
52402666
43002078
97460617
64708929
39505673
86105351
69613955
54436743
63446266
50654541
61735148
6070055
9056135
11916327
91502924
50400471
10714786
60906547
80833900
94097824
10599085
90110050
556894
53180492
50001069
70064889
3200071
70598065
5607558
65755917
5290491
48651847
92160980
88504072
48654
74201798
50907053
34109450
91468371
34515266
64206553
36351472
97986508
81515638
3022031
40516171
60254401
30880627
6827792
2005033
7016
4438395
9436843
97582797
27803790
60040715
631311
50016097
61543220
16893409
65023311
5660089
819066
32743084
70633264
2110243
20808821
29542982
60808240
23826164
46895164
47400090
70070563
49530428
117193
23508194
3108899
48148121
92522413
1547779
48434964
20996395
66659353
80787536
71775003
50003513
6003340
56200700
59901589
18095030
45270166
92136847
34503272
12779522
13709262
76761675
50307017
89706367
45407744
60005024
31207619
61185119
6697879
78318886
20743930
79043822
66921027
53394670
94582751
95278657
13528025
20705327
90928518
74001370
90811370
233847
2003823
1304760
10197094
1900431
39648067
9376934
47030788
6963881
3140650
2579479
48500701
10452055
48758666
5934292
270591
65462956
49850472
26690917
35869704
80760335
20579958
94749826
87617918
2010569
5731
7079026
39133076
27805483
58373028
53033296
10532938
14033742
1485972
49060097
16504806
27990187
10008
22299277
11370467
0
33000432
6241509
8085
35887361
71359977
91417998
50330751
67870436
35074830
31237450
28844141
9312962
74376378
84161600
2004
21020423
68724330
135777
33402094
83360533
13742858
65644022
40020053
32605657
20003395
95016533
52811401
4560384
45
58773809
52000618
12254936
6059003
50272113
21284162
8156830
1777077
59070045
83511192
10689
20757005
64
47
21678089
63070019
40600050
711
42000757
82384412
94301028
96040223
20243653
539355
78087936
6178759
25957658
61112204
39718758
57236647
32338685
60572274
30896627
80530580
22000607
2108620
20003593
80146565
9005911
40306077
2270724
84009486
6362016
27380177
17280171
74179101
1706408
46610222
70008074
44441080
65901725
1000037
20771088
30039891
92944798
1060145
59003063
99805610
2330473
6023151
92789221
70317402
27800241
76889047
9723
90022022
50677
20517011
60185386
63421500
749277
82708771
7284961
39022558
45052916
74474677
91084392
4065527
25746998
94747731
75450098
70300987
50476206
87765861
50821368
99038055
40306915
45205995
15481735
70097828
57223655
21615798
9651443
33066083
91240523
99807009
1160016
46225160
82246468
21430141
69392051
40417782
30399670
166299
70273021
53635248
86900918
59365201
72165981
6287195
75400160
65533478
59362516
13275049
14227815
84728186
34736987
26171043
58090923
70401495
412032
56187073
96283915
29330649
81329011
80276209
60007077
21133365
3200592
40296936
5805092
5282543
60001894
44690017
9505452
20306220
44377820
12205847
2132505
30238257
94008087
56383523
66095341
1890287
95708180
1962235
46341070
21573019
94166025
99191444
900660
25070269
30988907
9009222
5027770
867784
14407058
55206
89286250
390091
93507441
81972293
75181216
33874688
56000693
94300039
60704152
50092007
76525
80740035
75381197
760475
4046327
80048692
62755817
96069546
97028124
76866041
70080039
6000578
97046915
72882682
45226117
8515301
14991424
10000016
70630834
53084136
52024574
91863038
2538938
40110374
14104961
99719788
62730228
12008023
33451391
25270481
63094961
52702096
85660073
32091051
5595112
83900435
69106052
56127929
90903061
8586150
31167526
53080012
8090888
991082
80660856
54932397
50633687
68921292
76131776
5102207
97191209
1006060
31786231
90650165
92576068
6205449
2556973
5124965
83720181
64309696
45223578
51515949
25197422
35206793
64696404
57198641
62576563
53093031
62556411
65020695
20406907
26559640
84071701
48007345
2508558
800099
4204460
30403005
91886694
17476001
17913112
17429019
5300879
49689835
646640
55050696
91850439
46760984
36875
99977965
63661932
19131628
34104045
96417733
78173444
71494615
47478563
3660766
50960979
25645372
21975188
20677423
27079749
8322776
38607543
5949362
56090483
70589200
53050404
50581479
6201616
22678751
45457499
4324184
60143399
23611441
73707890
46653660
78803073
98166973
94403415
85070672
84392048
33271026
1219933
28618342
29085304
7269143
66697210
4036448
25636938
84207448
5960160
90636168
20464021
84406297
64171186
57044663
18253971
50072349
47862717
60809789
80000470
10790058
86580892
42158974
36666679
46649025
94704249
40000023
78383506
775633
7506672
48028667
4400599
91730093
20763
4325749
90400607
12304955
6444530
43765001
15018700
90295040
60310474
10500061
48966552
15862020
16337651
34163275
19719527
2058043
90687733
51860323
38511706
50981807
28016060
10767387
43002615
49720013
8103226
89671424
30290057
85889049
42322499
40373019
76943190
2535281
2296217
90950948
53680843
94541432
35380136
39012007
474883
50648946
7005685
50226301
76000777
40116
77633922
51909523
90424659
64642071
60066039
3485619
695094
355290
55005202
80258939
70840016
46328549
9705931
28060420
71557759
312046
40885841
61594513
97333933
86323507
10544551
90314068
38256
66605414
24519346
7705487
96484839
82010210
40186609
6290949
9089516
8627073
90500006
38130087
99488761
820406
6396273
700243
15909358
81082097
875400
80930438
36700579
8303613
24596354
91032
5069198
80929080
78553112
22147355
30078005
47062586
81621004
81200938
661032
50831638
20434059
80102157
208397
73190895
66993724
63126187
60
23016193
85989237
97028757
89543323
20690781
60988035
3695288
58727627
68988412
83280969
41427198
89284299
33100119
50233680
65010076
48994524
50418718
91590084
11021532
97407029
6000706
45081711
2018839
1000873
80157699
92505118
14153469
9732026
19916890
20819921
85069507
66675396
69144066
19108914
5002026
50643486
6066842
9339672
14683765
6043979
6178466
99854953
18033902
7955458
64589163
82553412
960763
56200728
23307676
69456375
92154018
39856349
7261006
73285912
32568430
43277326
57235901
67001563
84
43484060
74878220
13053716
3910011
33036258
43404230
7318031
60850873
57806527
63293404
35060891
29071166
94996363
10079139
72029823
7050080
4827676
54989240
43420341
3008674
20105096
33438951
25396986
9515376
41402321
59898567
80899095
68278083
52240628
2045294
27209317
41511771
1867322
70269410
99245213
40003064
11776065
98075194
41506084
5330089
12800521
48720889
9296014
10060017
98460375
18610753
70513427
5419872
90460811
620924
48365291
80069216
54693407
82404045
30642058
7700075
61822012
16671369
64022656
4609069
87918141
51104695
45172
536489
68635309
91621697
2086
59482463
21031085
18208175
4745411
28205023
89370134
37486641
92587676
68700019
7040969
36644915
90410085
11702933
17972723
57294728
5390097
43138416
50759801
50100092
1503747
74838835
46081031
64589062
4005894
20002622
4000114
33680500
24349951
83820737
656173
62939557
41396150
3220913
49351230
49058474
45433850
31973081
55617535
67623681
30366097
29444197
57004013
84803453
47803074
52959244
40043703
55049087
44444110
24021185
68930636
40012992
2742782
30400091
80160547
9211083
20292493
69078490
80388377
80391532
98653220
12153808
10141223
36180273
3292483
6016041
70136272
66070017
84386324
8513367
80180334
98815033
47595593
48745297
20057388
7060909
96320403
54026935
52763676
2500996
19644568
91097787
14137796
34821430
10144882
90784862
43008287
93008934
6599501
46275850
4201266
74870384
73300869
12762420
6615882
22554051
40169058
72203283
80550378
76857682
97095404
20016734
40031
16153048
40265063
58441785
36851282
803615
80411893
7084976
74216334
75601113
60254015
3004072
5047067
85911804
26882639
1530439
17129942
64661812
33813646
60410757
48415548
910563
76029703
11940361
80753866
3538761
74009333
51620912
65272472
38110249
36776137
25988893
38883211
761839
58782704
59077260
96012380
37749025
17500807
28826955
6670090
80667174
54540
25860461
74674559
30804419
59009390
45966152
38738602
80700634
70321477
30044022
7210018
93586081
17259982
64713159
61177147
17334451
88060277
3444071
53160174
9035004
27825059
70002066
44053
4009576
57501631
23209569
9028195
10724001
57040623
3097089
57267326
76009160
34009186
60102490
16740340
28769019
60594047
4306884
15336526
64660300
46213295
41005081
14925721
40070193
86340070
19114002
43636335
1204340
2759072
47166257
2858657
40860080
5501067
4104535
60128072
75923247
11170514
75112056
45438
671241
45375599
3922
51433015
874770
65752138
92055612
72050504
14750910
59008060
44828520
936259
1434700
76580443
80664684
962989
33787072
54552938
86989167
7060247
911042
21369107
64369413
50040020
48507262
22936036
6190696
54000124
90305664
42889188
12101386
21633433
98041057
27000415
52002235
909411
91250380
44330035
14285328
40852424
4972049
85821081
80024722
10738948
43170902
290889
77960726
23244020
81820097
89432001
60307561
88517059
67064359
86067278
33780
56350021
9807002
48817509
82661197
65300998
96555912
6423489
6050087
3018815
9257013
13296547
660688
69788812
92429526
6400051
90502994
22300014
52778071
5251032
16209040
20834869
83589
90608540
144955
77844293
89726909
80300622
400057
88842349
1487714
32000103
77400879
57090743
40698236
64181842
7768957
16567286
91032094
42518018
42202347
25751376
905963
78000628
76506915
99535419
736004
15028828
5103179
97604677
10686069
4235307
68245678
3703023
71506661
2790593
82905696
19164734
71000154
72940156
91246334
30041372
6833458
31660840
25241590
10292763
5758029
5000901
58091607
65479626
15140606
99814935
48580049
31290347
82077056
20224434
64975345
90304410
34400074
60500054
74256322
4912893
9201068
15665653
73002099
8265207
30222402
98359099
27447282
93638697
50206574
10013241
80028193
56609692
4133513
37869287
2038056
60213309
25845354
5252057
31413766
35486210
46080881
409542
72405133
58250730
41974244
96084197
1800619
57385308
800793
68773361
51452570
66630238
90080700
57496248
66929987
84470310
35556549
87131675
59085015
81776094
80550416
56567274
91464803
40623053
727326
67113188
99070469
80190068
82855360
60322729
3002394
7679836
88939062
6803111
40398520
65274567
83246828
20051831
20171388
1368772
70848903
48856549
6182702
93582
25582071
99333886
45854058
17302915
80787339
6135690
46026064
5667174
99839319
84411012
54750092
73064331
29403388
11834545
95004355
48300151
94710691
4024095
6905567
39010099
28410708
96026406
21637012
77829568
82529618
80620
2875091
86849098
68330290
84023509
33037793
97065827
94483010
72010649
40707041
29460155
80097
4001157
43433844
80598223
91349226
56027055
82003483
90464090
52620415
6329718
22071741
34074569
10761025
82059292
2808982
19103081
83394304
8048686
3010368
9802675
42362496
80776313
86353230
57072
65851623
60200090
10205909
52344044
44002554
23
460017
83076735
19469300
78237070
7763636
90180139
11360788
93739055
619003
5502080
26407804
2810653
20327771
99600187
80037073
60122257
99426905
70096537
9071360
26687035
7045022
43838652
73220030
67338150
90072
3651074
1959512
23123641
33883432
71063761
4609577
70390126
84787211
52541624
80076380
99513384
176515
85175087
91401136
95042725
33009043
702421
51192997
9780835
71699929
54808707
40897041
40450198
70014080
95950025
65101588
13830213
39557528
19636282
19476977
23738074
41885756
60212037
36065294
87804495
70355403
28916761
63877486
90725234
44082448
349210
33269961
6204172
90340056
58902699
43349440
98187528
70075
82620453
47009972
1069266
34141205
31071096
27022148
80306857
44490768
93297313
18787986
8008
5415349
97772963
6589780
99610574
5905109
5704019
51021721
20011012
84632842
20351224
36541797
90800042
74001515
8379040
68506767
10865863
70298203
54618872
91740301
41454555
62372176
59004351
26315046
10074624
74387538
82024846
87334691
83737094
49558214
6003047
8620794
54162451
4676653
49303253
4073053
98021051
26672375
40459999
50080
20802332
50030065
60842261
67060083
30607
40192518
10683216
12545897
3080059
37331622
3425693
97405880
2085072
54876059
29758748
1932474
9046129
10527329
10775202
8340038
78815437
1402912
82583195
1650528
6239696
69050414
10769136
63454439
67020190
30545357
6205190
13839423
59800913
10100366
68606064
40009686
8630518
19949093
35665364
600889
2487925
95002028
28040010
32100840
20014077
79323098
49100776
68360316
41785070
40803758
5803712
6000019
26395172
602748
70646025
20416097
42712441
75550637
46515255
38272119
84002499
9669850
64101893
24419027
350033
60428074
5618970
66063533
53739943
71977527
44735056
22903917
77087626
27776480
37813158
84757757
40032362
13290005
49602662
84292728
721005
14390009
39379307
9681639
70420489
4056445
5016033
54839001
22448456
88585594
96534435
57620173
87477632
90884059
3865031
12067020
20027745
39435408
53188162
71569346
5622746
5010975
80127634
4
54944674
30064523
9370202
4372416
91615510
69884514
88700170
30686018
25110944
60062705
72800221
803777
806912
66067220
52603038
93407168
4000382
10470891
85907334
38641067
130025
507921
20718411
52005845
94690080
90126413
8620617
42305997
4680040
3608854
900320
7109971
4200596
6000530
80334364
60001206
76581402
30000851
34009086
29150385
30319616
31640262
60620614
89277870
16550694
57001193
80566699
544000
43828172
97900119
19593637
68254
69669758
8730338
37371722
84616577
70272522
23429038
58349239
83716296
57822439
91982924
20870740
50910312
70903418
24093624
83904320
95040604
17967690
70593219
54421897
18433
40223068
40042912
61966909
840363
58448867
60003345
96010045
99762052
65691237
90904996
16467901
13049067
6098083
70754316
11538103
67906428
97933927
70000739
18210800
62347303
34808446
7320488
53267283
70307124
77200566
21043903
77910147
93354772
1482041
15901110
91307978
4388502
64907963
38278990
84086916
96809688
21108966
10351806
60212607
37000015
11813092
48877418
11731981
46608643
78041060
28636045
59907816
70547352
50432671
78704304
4689086
4893027
475337
34250953
1249075
84828763
13019333
81300704
88756196
18000761
41292990
78300684
25980871
97233820
8935294
73500893
89338761
476461
3051392
4601549
7730367
46871018
36142744
82533881
58265939
90000919
88789640
64052596
170097
59944275
9174994
50242875
5073
23646748
5096728
84899267
5724668
54058720
10930006
18848375
27000
38840018
5555342
1558335
25582358
13401032
96930146
98550144
29985971
65819432
40420418
97080021
68238051
30672615
84023332
21070510
97879804
50700353
3046481
15255108
64072330
71069720
72074174
75532092
28804323
95709568
27268890
60446211
58181569
27997075
1806982
91821627
67918681
2956337
67384399
25215693
2639540
46277687
85191370
72052604
6098600
31519253
9478813
50507092
42462026
40207477
75116245
84306667
7797
75323980
2491319
83561317
49009025
97900096
49930917
60061949
74471652
23178006
2657512
60020833
23105097
26976220
1603033
45901913
30510952
93043312
4709078
45009455
70756077
60074539
70584678
2434415
60051671
53824460
5095552
10870099
10263504
45290866
5660915
30708030
73006787
19535104
52016873
29072821
38615144
2303802
9
5092016
7409884
11604064
67109675
51108195
53487824
80963747
8603224
50353040
29670870
13874898
71622318
92701007
9896081
3970639
94043016
73719328
20914252
47231043
4003613
59512710
36796687
95374945
48037070
56401295
98587732
43373333
16070053
5099501
59924735
10001864
70050951
2000846
64200687
49066832
2810041
93989040
60200607
5341021
10688099
60042017
8050668
88593092
26749033
69980189
9135069
98462863
90441
90268004
61890047
11808872
16021211
76942652
36620286
28134282
75005439
38538074
9929515
95
15094819
54623420
58870041
14
67147630
53946994
10036
88047091
70770084
93002366
90057803
78398803
35158228
72447178
62320732
4300011
26794208
78977213
92477812
4631040
93257051
87627592
82115731
26393432
80282142
3620137
98955350
24006713
90051045
60259
60168659
9611214
32410678
70910038
34087917
91830
11239009
93205003
63884534
97820212
83101755
94118792
65605026
17857716
9694404
159671
3272507
9520479
63848815
50720807
85150127
28051042
83275632
80741034
65642633
10774089
301298
55005824
32520387
9112467
640081
69947137
6941158
52420402
770864
70015000
69908901
66464042
5900093
18024573
36411044
14696545
26601378
14344809
55965516
640419
86272817
87838377
74710459
1800030
31602268
64235118
70400445
43512038
63028
80072090
37151308
8817594
15062889
49968490
37898518
44098974
8605504
83476308
80633462
43830347
8669005
43630023
10714641
97272145
10900088
13011604
3769835
40486303
51553041
50334299
600644
93530435
78009082
2717041
17285271
30106061
19039893
33043053
1740991
46184622
55339266
8065061
82082568
69743054
95401870
66773517
46066000
48800042
14075290
26694
91920097
28670911
82700067
74032290
8000541
34140562
16178744
93107045
12011518
32808859
72602451
88550087
62010200
85442304
66266101
88089232
10408563
59390552
94970779
23934296
91690224
82075603
64730177
56349633
60826904
23190896
1300945
7720018
55021668
40090645
32625167
50075996
10650818
29413272
11756791
5525185
406064
840631
86438726
78299739
80383609
83215310
95556090
40806190
95081772
70977028
44743183
96353313
49050098
57899179
8033220
50006704
27961528
88009995
76947549
520828
39038960
98800326
17560000
53587430
13831401
70581364
17013226
17498871
30807528
14063034
18719152
93152095
4106220
46054805
35940694
25728194
2371538
9001601
72350082
57062724
50300011
80081530
4501329
77921398
4150681
300407
80722783
18631061
71087185
320028
60710005
4004563
45525070
4551981
28966072
74342355
63208150
61000095
57665841
96141140
61181435
66798724
8721776
15373768
59398284
91652640
65786067
58261044
6555323
21221571
12722027
59849589
5695013
94943427
94926506
10020751
41373073
74086693
2703641
45801861
60137
1232301
87640102
6581610
70000160
39680574
23385468
49255913
12965590
50000535
27476075
1629357
6050813
60093
60005187
51263813
89908417
46572218
10940666
87659946
37401397
10388445
30259301
33506454
4032492
14007072
5257322
77341924
50231006
4230558
509417
50912614
90000827
52056043
90889947
50774696
7010051
482
43000002
59001139
585438
9000258
72262965
37764823
80015858
60600744
84000106
51320092
26060070
9300031
40789125
48333337
12035380
2537567
4056916
44927182
8340057
29195607
77080846
17737822
86505550
51108438
50899303
70000028
89931907
2855975
9247493
33296722
98759509
89169272
770628
40080036
20520991
4013011
62466503
30413061
31109134
46089142
58020311
44204056
92192409
40923135
20477661
29090937
35008655
70819617
20210072
39477558
77083077
77785340
23009679
36069916
71468234
81512033
40512539
53565605
81227071
9009661
30055045
5911931
79831083
21516923
34259
90006164
57190318
7553853
84980435
32450462
1368454
9909816
73000054
85599012
11329966
99582641
18592970
3720094
30298644
44539139
42214024
60126076
67578497
91139053
15168459
91019154
22346545
46470940
40375010
29589287
99411525
47373279
90180083
44022288
78064543
62800049
52509304
70322906
45498702
28338654
6257329
5669012
51579966
48883135
19880208
56972451
76200094
70801837
50522524
3101807
82901691
73385997
25660486
607535
47708754
90006039
1219384
40892119
2585
40200402
22450746
88449029
38417216
40974647
43817309
31611232
61366677
4050057
2900039
90989795
34431847
60700314
8079350
40300069
54187284
26703919
41740122
30006737
74704036
83389236
53156026
60609047
87092026
20704736
1082939
20250429
70586305
84873156
58960866
80942463
71099372
95494060
9310066
35063205
71469178
14028165
98850770
28606401
83406080
3109082
78739391
30549
9754074
79365026
7000928
50020033
70011052
33106009
50709086
75536008
28002414
74809146
29040737
85513779
80615362
84009661
75959536
2701632
6865170
12403064
67908572
52800706
26976431
80966053
24859562
48017050
63990467
39699667
4949891
4000038
36881044
88404364
20650581
37021708
90530284
8019094
3562057
13004687
32000328
9742505
70307368
73040962
56359777
40900009
7410361
29571038
5915773
90305011
30030732
25790925
14163733
59960759
90024046
54427981
76738215
42900531
15923194
30000843
2010602
140095
3764
53735028
37403320
61168192
9032
60020649
84048857
31862426
6072
30081815
2050639
9740290
88575083
90884624
93091313
6816153
35367400
41637426
13307401
1093147
51713800
95077879
53849072
90030928
85117088
75345161
85869837
98564404
21668248
8014025
13698654
1946216
57529530
1019477
15945298
53809140
70020265
8530918
5960365
79505170
1714043
87206807
40712034
60092
26945756
72140822
17647506
37921923
81128358
72321217
60504922
3747004
16000041
5844475
52693391
52308219
8172864
55841674
30200135
25883348
5758515
65509087
3708826
22918282
76000173
9504001
52481021
80775233
47071092
69041271
79167329
264033
38745
34549250
56478973
9140920
52033098
901484
91340012
28679
5340446
93389079
5933
90006035
32419628
61473360
5138
83079387
20455580
53011284
3408611
3655052
25980023
70287088
7655689
57061159
94437084
8233313
15638020
10060046
95820606
29765827
3000035
43101914
8260807
56097089
1023067
1133581
50078
50805784
34498397
60853657
38833913
5706687
52897386
62749918
2559473
73400303
33047644
10703833
2773064
18052532
17203746
74754448
16095868
20944004
90376301
52851974
34269352
6207475
92630449
10920016
19095310
96997732
56090095
76847618
32065277
23438359
9095687
80849002
16506039
3708654
66877718
76003960
90215454
58798814
38220007
31823415
3164009
5253900
92706193
23035713
65074786
46805077
26422125
36261808
61509940
71167573
92245532
38190042
76230
64159906
73233025
60785106
30801279
75334282
49055443
85434187
10602524
30700049
20920463
16722908
69054516
58281820
46240085
71911850
20927237
96042335
8385648
89831871
2410459
80345079
8089955
11472831
88633390
61338804
3341419
6100791
119108
5232834
6000102
42360099
60052298
41196475
70380074
47690364
12386739
38405235
26029921
82631036
78235965
2119239
77000259
18389337
87537124
85979600
70732733
40153028
60205095
63213097
79637645
50072
2426407
29156478
67079739
9140939
70930513
96535050
70201519
40056155
26056591
97871729
2030367
65963032
50579248
78255573
44238097
58170811
10635707
3262099
70739607
50542461
57348272
6560821
180281
1047933
60125726
92408869
47259949
10093051
69448909
59679529
72516880
50079526
24979105
10928659
59240423
1583432
608169
95450524
1334675
17855233
8203340
80053473
44212292
61456607
11237097
1107560
12758633
80071956
21094137
3976008
70540045
51325597
2076020
10853004
98730451
41699026
505794
5262654
49458754
57312061
1381198
93292592
36006969
38683151
60022289
76370006
15299253
30207631
97224689
54081911
16970918
5496210
2430998
72769042
93816119
80335431
3202565
40640349
95428505
5429452
58658987
96880945
43802040
25478599
40905033
51298808
30007481
65095965
45482022
63820698
40313924
36197435
36940665
49438918
25950559
77030392
11350275
20727039
65788008
6024059
671613
28676569
96224995
50705394
60001075
50032089
57705091
67108218
87003632
53708678
7605021
7563028
81529427
29505884
4646787
35900133
1848188
10120643
90033042
2947611
92524060
900636
4211081
34497702
12309063
55207964
31092463
85670292
91019434
70558014
90130902
68030597
93903583
13951567
6606042
26481497
94380492
776092
62439034
45069
140027
84220287
46313195
8461325
906370
78019985
18708973
14310849
45485651
20551180
80158059
54339451
60060949
65920357
15537698
98669276
46064014
78945514
45109305
660060
3400051
6008081
5048044
80009048
12144057
21477038
55671472
69060707
5597097
6622643
8700064
4901848
8065998
63316249
980388
11303854
536436
32309311
75045741
51071499
25645796
15140091
1405855
60936709
15095848
71897665
3050022
92472720
27706029
64426424
31501352
7070690
868019
78173268
38504477
47063714
51311730
909562
26679772
3055039
2180682
67489647
8409788
14277089
23512578
9095024
65061873
30300470
20711072
17649511
20505065
68210474
7267378
87860650
92150994
55061786
41475833
43060638
66499726
4977292
28535978
90581085
2203236
10371480
47630772
49300950
4910881
9485782
1106128
64636719
10484228
99005433
6029075
54097563
55406972
12490112
42851831
41918081
27451014
240058
11917605
66400836
10085824
564277
14761911
12483367
6495725
63226394
39647148
9000084
63240043
19309938
32300030
16890455
45236226
10722429
20435237
620246
69526597
81692091
93900837
20145351
68184796
4990743
84380481
97103903
60406063
20065261
61048430
48362592
58810528
23094637
5780326
42784104
66597577
7903912
5156226
41049299
22707331
5469399
5079
91131358
93267634
33795310
122036
6527065
4760958
57634127
79004834
42513516
72038892
36822010
64829733
16259923
94419405
69292723
32647916
60200925
77977798
56206087
13521730
95581321
52659630
32977165
8401344
3900781
70997020
40190529
89514035
86180040
97800066
96445785
19320179
69046560
20508270
65206037
97177308
99095141
46900860
85000597
36775249
56575425
10478468
90640052
5002937
51028959
70978028
73005061
71386093
10775882
1040922
68423961
7302036
76394487
3084750
55601292
11780208
79736423
54033074
56855411
60720328
88580470
76259014
42051634
63933441
9385583
71437017
88024045
10357407
2313007
4380665
37090958
4500929
52068135
90622191
7529492
69042490
91430026
20804306
19010576
73559178
47304486
44248212
80107068
1573801
56650618
61863131
59686923
7367506
25450831
12080525
19060225
94016112
29280291
42483605
90300723
50082424
57261454
66530434
22507207
93243674
13069043
67019392
15510830
33007297
73603437
1801439
91106602
85961780
344602
37050131
69006934
7004260
30002805
49810279
408171
9739646
73861756
93779687
6366581
10503068
36541945
695829
4743054
58009442
2805254
59307177
46294282
56080917
7983432
35481857
30330801
19760804
93061377
85990424
59541
53286666
60568803
17803217
11934240
20010
61391594
34048712
13537253
23000597
5040056
20265305
28506272
66353315
24290289
90631997
7305099
6708992
91983392
76908309
9630074
4016647
58187098
53689975
500070
32000878
9080924
6560005
3109016
1664144
33253958
43032093
60047218
6361227
18545460
195014
63062856
5266803
26256961
2610876
14532254
82750032
838275
91100279
49294387
2020672
44450188
40901956
2055042
16044594
80300868
60021494
7803646
94168086
80357465
90952880
90980057
758998
64892136
1695109
61734491
31469025
34404082
89006791
61993561
90350241
3610177
37560602
89015578
59952023
76009677
20860029
18141638
58265505
63868688
21810021
37369150
60084073
60400011
70000464
93
4703432
74515472
26401622
49203041
61076786
54152401
93060823
30282166
83120097
54308830
7707332
57543524
50800077
10456059
30604579
1010803
4014614
35185665
35580387
2090395
71612055
78510062
60991956
9881195
58060676
44244957
87953030
76748183
82770091
72483824
67259375
17182403
94600106
34960974
97420751
5101535
44473801
9012689
77030319
69163059
59604089
48696527
30209848
26467900
9422066
9940438
1365311
23111359
80391020
11035079
98305067
61193471
81190190
9484960
21760083
84860660
80580818
30045
542431
20088183
19669540
3943003
6097010
60508083
71500375
74658242
8105484
30931938
78848996
88654362
52041464
28081245
96815221
42764004
406067
20700456
50204156
45171625
76265315
67014173
25005024
26145402
43961444
5083
4990631
59941146
9317983
54396319
62347081
21893030
36301068
87961241
3063059
99359786
16490230
27991941
41565425
9048
56913021
9822452
40660086
22421824
70810317
16731002
80508087
5187429
55091306
9102764
42335801
62197289
4878685
510085
69601622
84201402
309813
34129099
8000862
73258544
58115455
93923012
85004705
2325560
77667693
81441069
41828521
32349251
34
51960053
32093585
99650760
18400505
46813739
68860005
7305080
68914610
1085233
64507131
70185368
5459801
60060363
91273052
7472434
3980171
40100568
11563713
15731995
9306050
67830640
28602845
30378113
44400850
7119045
86868067
21530298
98020200
80231142
59790146
11010057
20087076
50107625
30170740
10536760
24010174
55699336
49708295
82285309
30595807
65022222
33757856
40663873
90753039
4060025
43446925
52230680
18962571
40060050
94707012
67910480
75011496
71025307
20037763
11303056
46640423
98446309
5069119
99346697
60602722
40045963
9547484
24617541
69721522
98305528
17757654
25094270
47640028
74425882
60835823
245777
16600498
42997048
51385754
89010287
7927478
60200985
42049526
3855642
17023609
52183087
1508855
41010096
8883012
92311356
30694060
18194694
7267037
9500888
50070063
6390003
30563299
55385980
27700414
18788232
41052182
97202036
90774187
88510912
60074771
13275013
93720162
1065495
1673234
39960340
55745019
2699018
19450042
53090031
11009386
7254757
97381697
52019862
24910699
5000049
19697179
7975612
91185347
18414702
70903398
7219049
20410766
10052687
6000898
68144706
372
53739077
35505028
66427100
66527049
32292363
60776533
60004
51709666
41020397
51031042
72265058
91785905
65011854
406177
68720848
36868147
5002885
94120349
87201511
92264047
53848273
648070
71269082
9008314
5172004
23940412
78509507
11373047
49276082
49348576
10063142
50778297
83348340
60906455
12013023
76876809
58309480
10206781
2570584
1669069
1084209
28057113
81202223
3856323
42092815
18608446
40031004
31900722
75240634
60002167
4895805
903361
65184573
31450036
45450125
47240
11736940
59639009
305534
930674
57380033
36425459
5388207
9728514
7734032
74921075
61751213
84120629
19525317
50934526
21685504
82028793
70356437
90062307
28083575
1210150
74160283
33002588
91137225
60359144
10905440
35648602
90233106
28414749
82122502
172246
1936270
8105095
58202002
32430944
90617538
46572604
5665318
13855753
13003652
54333865
34226624
62823939
6003753
17199139
21571057
26500941
89506631
12027492
30341703
33100544
85006539
80460014
24813945
3065144
99050208
44709353
91559474
40004470
60500915
2787470
21465696
94218181
30802651
58536845
3544702
66449132
87990046
31449402
28680157
70379310
6191914
80092071
82405905
94196313
89199630
20189947
443021
945576
95408338
60013376
94087768
57579581
540793
39120269
8366908
97086995
61828419
35607960
8080441
6415730
18501060
94498527
31078786
4290286
8565030
53926561
15870026
76503151
33540767
43323588
61109077
3002386
2346019
37872057
24413219
2011260
63645573
36814369
83171593
70060560
80985437
90100037
40800607
61746378
34860538
38736963
103359
47056066
12056346
9084795
90244074
38004110
35006131
70378099
98190049
6611730
310529
2060953
26457570
81008236
507095
19226819
18570450
92895077
72000025
38947
207948
70041255
80741892
49002443
39172947
54223221
69044569
95582451
90402994
17118610
94081183
90132701
13598623
54308994
68235921
40000663
45550280
70491441
50895814
98880669
853048
3907720
17549385
58357420
48541602
40244666
64316582
89353371
86203067
5001430
95117109
257049
16003988
31440140
51040848
5696195
65474679
21827309
19207474
78091449
85984361
55440837
91246096
38004822
8960828
80500070
60800051
70055621
85669023
40620490
935037
59058839
18005871
6771625
47007229
80264848
9952241
39218171
64715901
83786143
78300723
35974559
64684574
87951911
48221030
9469737
52740281
70280317
6372471
69770914
34500340
58076973
38451712
15014403
35376164
300915
15481967
5087486
25588933
51390278
86765897
30703791
80008084
53005798
54558218
41041048
30360434
34310845
26484002
36006080
2011018
34693240
15010454
93407029
58017565
4600702
60107057
66175751
26800022
14586566
6888693
78539879
30241820
37173114
4904092
14329336
72707093
14780839
74805176
11601336
54188725
8493693
11030615
55088926
40857966
69424055
9247170
40030469
64565686
9104086
81006709
75525497
11845249
4149553
28091812
61880337
68401479
31433058
21356665
42682673
59536974
44304328
43553425
6618327
85709687
4161320
2583748
87767993
14605556
94023593
64219730
918402
38385060
72093584
972580
90389145
33060849
94481748
94623128
18409462
92028
5103070
17357157
65050825
75772893
8931073
32706396
79060597
14511855
10597316
52252327
86133380
4111573
41061033
545
14338594
3709843
57362126
40864588
45682936
2734457
16590017
10739430
4042033
97195676
10000563
7978452
45961659
69205003
33
94729661
7968773
74802023
46229087
863041
60230038
407
30150995
94790979
80052481
92509702
9088087
81088953
35827070
58994631
63057085
80040292
50862472
60305738
7069952
40908677
12054295
33557958
60867706
86075075
74656096
6723657
400984
83509235
72413892
63351056
16813730
30911566
8874425
75772886
361
18007375
80827487
54246681
6025126
70070045
50514104
1001723
27270268
639433
86005467
70405254
82851760
9302542
16663307
24038185
2684
97087828
16846062
79505836
60269431
65710692
86122724
780032
700440
71154759
56971732
25109514
5604185
24279193
98460918
28482723
43579274
276
729
504062
4206036
48885004
96131182
99206566
20750459
50360326
888790
62970978
48045919
47926507
46097405
52080916
4300586
50508587
2683150
6060773
39767792
92783006
73102062
9557019
33470036
80064
99172616
25653725
2108459
68484994
20541388
46081310
28918673
81011070
6979086
15086245
30550249
19173411
82613414
82178028
83548885
92556545
179830
78154619
97293084
12233868
353977
43974674
94071893
4500535
28207199
91996816
34896855
62794851
55053027
6948700
17344921
23769096
61052
38880520
8725542
361607
41342649
43506
42016130
89894619
58873561
12730033
90017138
92930906
48411573
22562710
72633497
83387023
23870044
30029663
55640651
45003244
18972497
9010949
8084044
40940035
30088167
83261782
53180642
5014771
92522836
90007030
43558581
13568667
9301762
87881507
89961848
7007054
18706069
76053632
25446897
15690486
3811011
56281721
80070704
3330270
3099625
56594358
13205923
39907089
9155840
19831225
43927004
16000827
70017841
72094082
93553269
93653390
58003373
74060453
81557717
59906
47409214
60196816
70320058
9062067
61101087
19104535
1000796
32869048
80040826
9700971
8094560
6146028
58402715
83029930
89619024
30653113
3678160
65002981
41208834
40023556
64070208
23216802
69152546
60202644
7040010
56708704
8440871
75350461
1029
3768033
28033876
5170044
1935644
447633
40003920
36805176
66848026
7325060
99051900
74662317
97824377
30234089
97407128
70025101
99198749
9052639
20442331
92010083
92621758
51806459
66642036
26208583
41277224
85044398
65700091
5600085
43153578
2900
23484461
68521252
87949529
69952667
2004023
1997733
1055012
59196186
19940436
26002394
60809378
14500286
46177006
86799043
4000658
96871360
3020072
97231612
54674761
68400950
12561781
17660377
3604062
1000513
76266985
57450255
13016689
37397062
64801330
38180570
70085778
40203622
82543256
54937140
606064
56780033
83503548
10980462
89440109
65943383
13927684
2400072
8814380
96560090
79250827
20102965
61758382
16592620
57483025
7033583
28020103
4090332
2648277
21057049
97630063
57031021
236014
55646054
4709024
59097068
6720978
18535506
90066040
68401656
45768692
60158832
20104510
82560850
28896590
284536
54058829
82933456
40558784
50063027
90083744
21009679
94229340
67198572
80073004
39731983
7906601
67556101
95963456
56637049
43281954
58909635
8073073
9580052
5138984
73672339
50110832
59216038
37277791
20617479
80045071
74584303
13058891
829776
64031506
90640068
400030
75648174
65220821
15200364
20909681
28121650
34690206
18003740
81974021
8028483
82481048
29214969
98192169
2338315
25043212
60700322
75107004
36241541
61030084
7000338
12001036
60601227
4006087
19875161
201
40864581
60194139
60909114
60604646
99442600
23929371
3714840
9144415
95316637
60506038
70739694
40419014
97343902
13199354
23104842
37804702
94030968
60030048
23000089
8608093
6048494
16966640
30302371
10949024
61658245
96930083
55003010
22776286
50251518
957807
13020089
499451
1516512
78830601
27090773
8003244
45203464
9411028
6540872
45014033
252079
30709579
66684788
20570802
86414376
17205037
5300525
34931376
57622904
800012
2946826
71611740
10010065
39557458
13912846
42537546
10024062
42600087
42234815
20050068
98608920
10205091
25072210
11839599
47607951
76040735
68236724
1830321
10987318
20705825
50508310
33378023
82843137
42504041
60008999
49452568
47937948
16577608
66006001
34814688
45781341
68405636
4421803
70528554
84787217
330674
4720694
98299589
5062875
92605633
92457163
9607433
76783003
24180131
43574003
34100848
7911930
60004652
22954370
66603071
4400023
15173091
37133471
53335247
85004110
68788860
38281098
39453650
90000063
51126335
69855187
6707654
20812501
34007048
39137255
15032015
31605207
6192052
9090413
99461128
30055865
14916435
8900458
28305559
1205085
60670944
84510897
21130561
56856889
46706943
2311256
81800058
80507048
69741856
58561096
97370274
43024802
764071
13404125
40635876
39308925
8370388
43885124
87712526
60084745
5660172
55435875
59296028
21038901
19978849
83751215
70034806
47302998
15490435
20061649
687070
3570717
2160003
45122100
14868502
5722470
4200145
62211901
32230348
50056185
56628233
86111176
91618865
30006709
4632386
40026317
48794264
77255240
56431784
4424
85366294
40260990
69000743
42447600
80070900
901105
35565112
2648944
44842712
73864711
23591700
1025843
29800385
2245102
2989766
40179160
22315742
300227
21629361
92088748
40029072
65514919
91814137
49486006
98002070
50218422
98186857
40067844
51273960
42803645
92483592
70544647
11680242
7838813
54642610
93505353
80000919
8013687
62370072
52008560
41106525
50109940
430092
23941874
38550009
28572031
79264119
2130740
14011292
21184245
40643402
75027110
35859070
35872331
87605037
29201979
67373716
59909992
44007100
90717510
32085325
71554809
50408042
23269164
4056953
64979032
18383685
95758501
51829788
4207325
49483575
9473753
85152544
70804161
33422421
34882654
78370364
47202894
27360103
93888654
5020055
45775258
63727391
3801080
6950339
790109
97646519
59801932
9822
43950323
4384283
44307735
64438982
784453
97009418
95459003
32090054
57720026
43837732
68634505
671655
3806947
45795786
28005961
70094842
39237526
67820478
97404395
31488073
25687872
75803597
50850972
63830840
9296486
70533910
54109088
81128733
50060286
9005843
86066324
5240241
17900118
82373581
82506136
97106509
7980230
37829241
5106345
71092152
45654961
6572073
5596957
80050433
69007006
23507890
16517238
15507002
30794916
800017
40038928
54924430
1074061
76002731
70693292
80097056
20465759
25349010
6097854
6628209
80197742
5532369
10003182
70400229
22632845
71057699
49638187
5865
6000983
60809715
24445439
18058848
60500382
71274302
1070612
73009054
2003103
4306453
87477270
812096
59910069
49281564
902335
58000076
68001005
43631784
56797505
2026520
48007081
83609021
94902342
17469356
58004846
1587285
30003452
5000024
99706591
67338811
88036625
6474138
25644591
40677634
50040368
59050619
10469164
4063
800036
20849031
342102
10770968
58107076
13369482
14614236
4006901
16484634
11893142
8822969
78212918
72368498
70527480
34048063
72002501
50241
81186529
3505325
7500021
21589
50952465
11393883
93904239
48480682
79358697
11390873
50003830
57655285
90400361
57595807
98941167
87174471
3603320
671365
23835095
22937734
30203245
29207243
72043912
43888699
64749497
20505890
26908955
81802090
8186012
10572036
33783607
37060602
17632502
50968478
77353337
97146076
78562045
33982995
71443428
42261542
5140577
91943462
17632604
8805071
29030230
60355419
7610450
97813294
26302349
13710418
67575205
56909048
86917336
5289141
8100060
17604833
79930887
55904429
51401592
2807579
60816734
28406121
8903132
20435229
22871512
63723109
57952906
5000029
46600210
68748495
82712243
17120449
17078007
33944493
65378613
28390097
23056829
96032641
47838468
97970949
91548384
21109998
90580081
80083401
8200022
9058048
51299819
44684011
89897292
6097067
93907754
475200
72057735
579566
7690475
49714609
250225
10842573
58665816
27571430
46437133
3486823
91008951
617870
69758535
18676448
72257908
7309358
40690005
50126354
84930059
39605033
74027467
24040295
95160919
92607087
71404996
43310504
88072634
69701209
10006282
55243936
86929096
85710176
99127679
592
45625581
77591930
30058819
2056521
21812194
67432129
68100019
5003232
1744805
47005312
5390266
24340176
1220372
95008601
83114987
86032350
62237599
84007076
38856670
86507206
95364540
4030073
74136044
20291334
66333172
70879374
60946248
90942096
73700409
66504583
96904212
61580848
100027
19358339
1090545
48009927
68041198
30685075
5086768
400035
10688478
15001029
613
21324649
72011770
59576745
68546650
80882580
3418649
27097580
8887958
30303238
62202022
7142899
83091440
2414390
15109164
63643976
64892051
6904885
98302962
23583620
17160619
81635741
63684632
49007292
8292930
38709696
75111401
63364893
4038400
28290572
53604166
3627989
27080026
50904203
1572274
88080033
42807523
63208541
60470088
32425764
80279694
5014139
20400469
89021482
88000131
91883210
56016099
12005177
94298095
92878470
32411503
46919875
5231621
48200999
91275038
6430750
37424257
97101491
64340102
49039074
26252755
472081
10459469
480637
21925553
1073054
896058
64076440
41401222
39584117
83039035
87415495
38606913
2009649
56710873
130066
8088819
80460021
8000813
82860185
90677881
82042927
412299
64000622
16473557
51270076
130313
10903025
97683757
14481093
70537046
20276087
93808664
60078373
7389485
250471
57394290
9038717
8833063
16588682
33046003
6070029
39017090
4010021
28397
90123667
53543581
34034129
76508322
73750704
7729082
44050442
45009007
36417325
22248946
4055056
2960594
137168
80157611
82730084
6463180
91909933
33204214
16402621
71963538
62410435
59260926
12318171
72778301
1223060
74170797
31
12560853
9565718
71083794
23314400
83773495
1654151
24022704
87854942
75227667
76162237
40620346
600018
19227051
61414962
2206714
70892619
84023180
11508624
90734937
61018590
91057094
2090713
270402
88636407
89390951
67244061
21413030
3905064
9490846
5927085
2864068
4006001
46936768
69182663
50732841
32106220
49300429
14625735
26390067
8830895
68280409
4084004
25990729
47983940
5289680
64306285
65095661
7488880
8322054
76860410
40311031
32600506
15272884
78773923
81391506
90519035
74050077
68077082
25074553
6901004
1843868
27654553
78538610
1374695
49583472
27629440
25369562
20002976
27170559
64675081
53390908
65027329
91908832
7305097
93467512
63960933
10168756
42082622
48179788
8000439
34068
24940972
991079
63718016
80756470
73205980
93880760
28810372
93680727
58840319
9972063
466643
7507350
72452224
62382277
76798794
35012751
24776033
59863823
51380788
61801082
77350038
78500547
34810132
41101204
14953194
6735772
86266371
80070025
57047869
89187027
32010944
42392760
40249212
28081005
76727912
81671650
80762230
25098910
23000335
29890154
10020633
70573724
640631
630738
1740261
28026041
40440591
36089020
74060882
20000706
75880015
90567006
21139609
16597060
65028473
7391814
156876
851
27902729
38663367
37036001
77490202
3928044
17619603
20375214
57809766
55306821
7008967
27555410
77845505
41504294
32094611
51157366
24002374
408757
90643157
10284133
51330324
43605979
68094386
1155282
9175895
96843707
40083991
5261312
38956760
25239551
40162365
32679038
19049410
50654100
35957640
30645023
7060574
60534879
41212714
1433344
6207026
30183014
66703920
98859403
12721529
30720208
44837943
30345172
64225038
39786834
70711934
16838539
30328457
81406462
8806920
14063083
90904333
360788
5007114
35696330
176013
9980372
3109160
62083990
33118057
720082
90452046
88090165
5610059
67993224
703897
70712699
765799
61030900
54365285
44000653
50363117
36545190
9600298
44709636
48832396
4515614
11078532
12530862
56390384
38506452
69558592
56927880
4000204
10000758
70260493
952613
86644705
40032304
9013389
89724673
49561623
31059871
97204849
81203179
7606464
5850
18926115
17570975
10844541
13362166
71170079
23896996
15209882
35412353
52090469
47173573
3780306
16366057
81361154
83297676
17456138
65988
1650241
29758689
84272
39389086
87966492
23677562
24051296
40723915
46345354
19495954
40277937
200016
66457314
47935488
24739285
55488077
41300551
40000258
36300838
21934043
87074162
41058786
62437612
9000051
70368278
50526566
50079885
44710980
74510389
77894995
70257912
19701090
36523356
75497392
55040809
31400085
60307067
74190231
7118842
9492848
53400791
79143982
37432028
72350172
67883339
10120103
19868415
7507463
7956623
91505868
5710027
79846888
7407777
15730084
27596004
74213028
31235091
82008130
97606051
16212383
9072620
89110729
27085792
10591571
54608188
37250049
78507936
93459120
94036262
81899103
15697786
33153916
78677711
25838001
76939054
76957723
50803460
61252311
9000827
56904380
51392226
38871179
75199171
61657888
872999
40205997
5720016
26945464
35288123
80050095
1073458
69359650
57293028
14283607
52000075
40024496
80406553
18898237
52922842
27690068
4593945
25180072
78552580
74973691
6777075
52757636
10400370
23150390
79511135
7793883
24031
11000920
91875972
73009926
85893966
7028284
71194298
9340461
54312590
77202860
58230157
98262041
16071528
20380725
95212271
26077605
26400028
29133608
78548972
92138357
2193450
991650
177874
22147245
60147709
30812593
4115530
1701029
86970003
83570544
83024866
45095883
59003720
1134392
14598883
682934
3076
878942
96592667
2833077
52003918
36333300
62001455
10397824
96878670
64598069
26123739
21982719
21077496
70759
33496291
29688489
65437632
5680327
70040075
10261334
50405482
17980994
41089726
48090002
31240043
32030668
95350302
502481
63042087
88728037
79605025
6911091
56
65849153
44375007
22366042
53008804
81348949
73912687
7680569
62016964
61977843
15745597
99150010
8345856
47493614
36471082
1462572
71454089
21160044
4900116
32360889
17086596
5073093
57005904
89611090
25412379
48025195
93327506
64759551
1302339
22363053
86342759
905842
3808298
66879452
78086952
9000086
38084072
94026553
11350183
90508177
14316851
98202737
82875057
31500980
36162446
90110986
68707338
65420824
46302375
80785060
7014
95910604
40007098
26060426
24966384
44497086
16716189
78402041
71370526
25359184
84383433
42501783
81939134
28602105
46016421
33909651
48241074
71689860
62854098
97705792
45
95755171
6909041
50103927
77315298
60774885
11651574
57818742
68105463
22146868
80841979
79291685
48207841
59389474
81228969
45821336
2730941
20640072
1000097
23296305
34440135
54024075
50839602
34580522
2634888
96662447
1230061
9558092
10060669
74006505
66954038
29332436
32463816
30055874
79927817
35200069
13343293
95652380
68300999
79350329
21131040
200140
2001043
99482765
15251332
33053971
85771979
57306847
10890069
11087139
601783
14682466
87477813
79694603
86431663
99823332
85983272
34713738
20004824
44047078
79119396
89206428
31715791
26714967
10353
17026035
70360463
47864582
57062881
60670123
31257537
9068098
97156776
798091
16029647
77071014
78276190
88710852
67103004
6030958
53266683
69094440
50803570
90172206
3387073
62809110
16200000
50941469
22162240
86537748
40141004
85022724
6405
59880429
26667538
32818995
4530478
165834
10046051
61625906
73930293
85446750
50017656
1025982
9204868
77028216
90552306
48000187
70071895
34212805
46734724
34230698
55835880
67303977
73874362
15007920
13755584
24956698
57002034
25198671
2325693
93306014
58728249
12008403
18446750
91583441
4702062
33295246
448456
80206315
70201851
600537
92806994
6008075
77991456
65620530
18676719
70800013
46012880
98043429
35407632
2616170
45523609
32820516
53136465
7100764
30030923
95014668
66983531
1180866
78015054
18091488
14952782
75064909
5747564
28839783
31345579
83057222
60970636
35102020
95230717
7052504
89006928
75032032
51004766
42860805
90130114
76206925
16574322
60600974
65427411
63829484
7302539
6533706
34703627
8475058
58749566
5500066
25987445
18015426
80560331
730424
47303580
27063083
90863578
49081478
44558700
5405102
10909696
40128363
36090149
53600773
64047485
826106
22537709
5390
84570243
51141567
99653548
13666296
66210819
8344838
34379018
19840944
90012977
17105750
19331393
99154047
128
33685788
60104501
78780052
42386076
2938685
97715260
13383217
14656015
7267845
499477
230805
15806022
23167054
41307266
40800025
31127165
16888895
71000060
3744936
22759926
8051041
38512685
10001445
4860365
60210248
4096003
91549141
21790113
48480651
40602739
84060062
23079068
85345741
97239399
15299076
642363
91808614
68577288
28001073
28033549
90439290
70010028
445831
792896
25728972
57217726
13452147
37628311
7110003
96750734
97557544
79926303
9538813
55315615
22476051
99002713
64379496
40042068
50029614
60648519
65606709
187882
90060955
13935376
9596835
10468065
63019950
3979056
36939427
84074276
8210278
10000672
90160039
35659623
59742840
29009470
30091042
64270064
360422
8753086
9076901
79336142
66468592
10521776
99070988
82647412
95505803
62258460
2273463
3235985
60731
39566241
70602078
39022201
55704714
5352576
48932
90300512
12300980
79067073
43605129
36292087
14992463
86310847
91336357
6403
28525525
37554118
73070004
81020660
40550261
9790985
61069082
5550209
25428968
85541927
46106699
490613
609190
54800644
86200890
15001570
5470927
40300797
65378702
8049196
64868037
44846274
40000809
4700848
31031489
86634247
16606771
17300144
96978601
54852215
3182911
30880890
2826524
8031972
87366855
37603832
70971825
55967
60150670
36220483
30929403
14670827
4000094
2075206
97600203
33644585
103409
88898960
4507538
83197498
52033513
41062030
1000134
99004664
33451892
67207488
92885141
86980444
88250065
38963169
27854676
34701154
32821275
16240672
38537841
44567370
22091970
60023
70428028
70821139
57034016
60000013
709020
15203144
40041687
5290042
2605194
46363575
1074807
9985130
62040910
28007726
39480058
24212259
4405837
77242095
36641761
8400316
96395429
60702213
81108510
90080043
56282142
80081960
50156245
83062378
86139956
503385
83009021
95324012
29764496
75574972
43239805
27199834
1275512
4626360
14480005
50045586
38502067
46571903
2561176
27618899
20547904
80000053
20490096
79552834
62041050
49917384
26722115
8833979
631906
42212142
65006061
592502
65980564
8502044
10074038
50240619
77275814
80559029
6001250
50719528
99115605
70462
10840043
4790580
5690076
67478335
320040
80085535
59017208
94792932
6170561
86897408
52653810
24656406
7263119
3456725
20329959
79613994
1523081
667152
3000048
8001931
48523610
35085390
39200125
60661590
17570674
37726
41020772
9128844
98347051
65603529
46807712
47938790
956807
81132933
70037962
14004320
86940142
92068327
2705685
9843
7129050
90146512
88073220
19045358
93483187
95141608
18096339
60333433
15784414
85395097
50793410
1040993
57131238
43380047
4300939
64323019
36783867
21921472
46788905
34446067
20077
48090465
5380699
70389448
82807734
88002280
7447470
63719044
27001803
23448898
32252825
32692886
20714623
5600918
7945117
82330188
97465096
89382047
60635734
68004118
20009089
52766275
62536064
17076063
94004098
3029636
17334944
24657811
53287296
58297259
18934034
85002925
96537
610739
70910085
62626880
7046860
51228020
69593080
67037152
8063493
73105986
28646202
71800059
33794877
95143461
55003039
18710067
49022765
74610527
89754417
54744025
50419363
4405056
30634019
5568184
90374090
40103080
54006024
48797599
39095382
16481395
81660214
80388324
25000335
455928
22900083
10026056
78435879
11722067
9158308
406129
85659026
35015322
199
72601607
45169237
50119395
50888220
33181028
45219237
507073
20330477
17989098
8674570
45133091
90020017
14193323
14001213
201487
29186622
80081947
47909878
90620003
2834535
60832239
75700035
77524976
19000309
35028312
8745060
93139794
35910074
17080865
60660531
59863
10953030
18100947
91613856
8169194
5290379
56639
6066862
71040859
18783281
84660915
50616552
90050630
207201
77877235
40062398
36201476
15156332
13629141
139068
73249533
68320026
5380150
80063650
5160871
45750183
35210771
78268116
3830936
24154990
2977921
64897682
74506592
13903940
79763697
55528380
27819433
85023910
57702260
96794128
71073356
20670538
69005348
75080712
86302856
36085041
94739028
2596641
8642529
36803116
58731853
9910299
19009050
5008029
23099556
15129102
85842435
2680071
78200686
86947327
80060733
18867408
17612710
39644046
4778176
31434675
11142862
51367645
25000012
71587357
79302190
27813891
8223868
21006694
9855480
46558604
50162026
80844081
66817555
12075058
5100891
83228018
67987339
39452089
20604184
49266857
29640097
76497457
33471479
85944
77030536
5116864
6004372
51901044
17082462
54739064
2683894
97805669
56020233
22071442
1726616
56082108
40935503
9952090
837036
12096635
10020685
7403054
80139644
30397218
36006289
64782421
300029
40028775
21013898
76428920
2020505
3220798
1738
90034611
45070887
88560256
10000005
97126605
5317297
27098589
98063764
99100184
10504653
15177065
97754338
45413055
1382385
802004
62042063
48880973
2031227
77697276
74366838
69065664
7031028
67476527
30589154
97300087
3000062
91455057
27282183
3543135
237014
50707051
14769890
21089100
96595723
7891633
9370680
65196436
85957064
83486491
28906459
360944
57260173
8002501
58920656
49616557
2561971
59230654
61908143
36757394
20461053
22919606
51473817
27776625
38000032
87484449
2200130
62069327
25477321
82931718
95617664
77394081
5272068
73253078
20890414
62154039
68859526
87941126
24835974
17925504
77105524
69120257
30512277
46700000
523004
42193013
70858481
66087642
37558507
54376878
54940399
9652260
71454067
74954533
45252003
1016458
6732180
64809984
85802854
8935434
80506352
45041262
67002293
54071907
11527747
28005072
29001306
84098066
31337870
9082
11214937
88247384
11792076
68503789
74856782
74868659
97691894
46288095
10498428
80288179
63187749
2508591
5603553
91359
60880380
61033884
1058639
873096
18576623
83731986
58047017
29404356
62909240
5108081
16041716
70300084
9600035
6170076
47571948
8329699
16746096
41606041
8633433
14180546
30870333
8370588
18404477
50000005
69859184
8029018
10100236
72049654
1479422
2203164
55742158
2914919
6777716
79627016
415739
53444920
51090211
90567305
92046054
586117
80139830
55783027
1484037
4433471
52142307
89125899
62630498
73319098
94808504
38008929
20837171
80440433
90014060
3274701
82181042
28779923
24030540
81086109
69497665
30100036
40006020
480061
54416930
20109041
10214368
3335047
81797522
9410651
2398212
772762
43019027
89438878
86590337
52281690
2276297
24474358
20059923
372588
27514202
48900825
32769571
82306376
57099954
95525268
1670028
17819945
57097323
71183713
310066
72950784
30176973
30422
74080396
3500900
9090691
39909798
25831684
86072339
16480612
13464041
60128424
35887484
49000289
17454546
80040099
90402618
13836670
5826577
43102641
89990084
90818889
47310375
50097069
49060071
61070948
92580911
24319023
170154
58000546
83300927
24615896
23012054
83277548
28629078
59260808
299479
5516011
125656
1507542
40003008
38824263
17560609
2720039
61493206
96672545
8329182
50320548
16088352
27010193
42651070
7992904
678446
13138245
52709220
42337493
28594054
60003824
26057330
91879964
2116141
12637139
90186817
46340616
71343970
16920066
42383380
92792334
49775068
13814330
40779756
695028
25905034
93125654
8565638
8882933
91652601
66055081
66223872
67880581
77151772
504068
80850502
33019872
75714288
50370320
55820314
74328600
2809476
58583924
20461665
4894342
17729914
65403072
7424915
37262330
98680541
43783577
5059253
36721588
40761302
19120503
94054098
82061978
3502243
30144390
7000458
8485183
50703061
63700043
15039871
30066
9309767
37242023
14896279
5420123
26148409
30680006
910783
7222879
18954189
1092012
11018069
40156647
85053014
77370037
44322832
35888311
25043449
91072575
83119235
98735260
70320833
85311187
70087126
410065
67908993
16540752
73499066
4810099
20877
8064700
89068337
53004267
48602060
5792027
74098228
2776407
80210
25700506
66201363
